name,NaPS,sorbent,solvent,energy,iteration,electronic_scf,vdw,oxidation_states
Na2S,Na2S,,Vacuum,-105.61493241897207,0.0,True,False,"[{'Element': 'S', 'Oxidation States': [-1.173]}, {'Element': 'Na', 'Oxidation States': [0.673, 0.673]}]"
Na2S-PC,Na2S,,PC,-105.83036373051272,11.0,True,False,"[{'Element': 'S', 'Oxidation States': [-1.676]}, {'Element': 'Na', 'Oxidation States': [0.962, 0.962]}]"
Na2S-PC,Na2S,,PC,-105.82587346168289,6.0,True,False,"[{'Element': 'S', 'Oxidation States': [-1.676]}, {'Element': 'Na', 'Oxidation States': [0.962, 0.962]}]"
Na2S-PC,Na2S,,PC,-105.8247522686092,5.0,True,False,"[{'Element': 'S', 'Oxidation States': [-1.676]}, {'Element': 'Na', 'Oxidation States': [0.962, 0.962]}]"
Na2S-PC,Na2S,,PC,-105.82339357119461,4.0,True,False,"[{'Element': 'S', 'Oxidation States': [-1.676]}, {'Element': 'Na', 'Oxidation States': [0.962, 0.962]}]"
Na2S-PC,Na2S,,PC,-105.82217008369501,3.0,True,False,"[{'Element': 'S', 'Oxidation States': [-1.676]}, {'Element': 'Na', 'Oxidation States': [0.962, 0.962]}]"
Na2S-PC,Na2S,,PC,-105.81262307938596,2.0,True,False,"[{'Element': 'S', 'Oxidation States': [-1.676]}, {'Element': 'Na', 'Oxidation States': [0.962, 0.962]}]"
Na2S-PC,Na2S,,PC,-105.81051275671045,1.0,True,False,"[{'Element': 'S', 'Oxidation States': [-1.676]}, {'Element': 'Na', 'Oxidation States': [0.962, 0.962]}]"
Na2S-PC,Na2S,,PC,-105.80300479496147,0.0,True,False,"[{'Element': 'S', 'Oxidation States': [-1.676]}, {'Element': 'Na', 'Oxidation States': [0.962, 0.962]}]"
Na2S-PC,Na2S,,PC,-105.82608578281528,7.0,True,False,"[{'Element': 'S', 'Oxidation States': [-1.676]}, {'Element': 'Na', 'Oxidation States': [0.962, 0.962]}]"
Na2S-PC,Na2S,,PC,-105.82632145663788,8.0,True,False,"[{'Element': 'S', 'Oxidation States': [-1.676]}, {'Element': 'Na', 'Oxidation States': [0.962, 0.962]}]"
Na2S-PC,Na2S,,PC,-105.83054418409657,14.0,True,False,"[{'Element': 'S', 'Oxidation States': [-1.676]}, {'Element': 'Na', 'Oxidation States': [0.962, 0.962]}]"
Na2S-PC,Na2S,,PC,-105.83206163694028,13.0,True,False,"[{'Element': 'S', 'Oxidation States': [-1.676]}, {'Element': 'Na', 'Oxidation States': [0.962, 0.962]}]"
Na2S-PC,Na2S,,PC,-105.83047866643626,12.0,True,False,"[{'Element': 'S', 'Oxidation States': [-1.676]}, {'Element': 'Na', 'Oxidation States': [0.962, 0.962]}]"
Na2S-PC,Na2S,,PC,-105.8301310734695,10.0,True,False,"[{'Element': 'S', 'Oxidation States': [-1.676]}, {'Element': 'Na', 'Oxidation States': [0.962, 0.962]}]"
Na2S-PC,Na2S,,PC,-105.82656897457015,9.0,True,False,"[{'Element': 'S', 'Oxidation States': [-1.676]}, {'Element': 'Na', 'Oxidation States': [0.962, 0.962]}]"
Na2S-PC-elecmin,Na2S,,PC,-105.8246416824656,4.0,False,False,"[{'Element': 'S', 'Oxidation States': [-1.686]}, {'Element': 'Na', 'Oxidation States': [0.968, 0.969]}]"
Na2S-PC-elecmin,Na2S,,PC,-105.79637705017683,0.0,False,False,"[{'Element': 'S', 'Oxidation States': [-1.686]}, {'Element': 'Na', 'Oxidation States': [0.968, 0.969]}]"
Na2S-PC-elecmin,Na2S,,PC,-105.81585634222344,1.0,False,False,"[{'Element': 'S', 'Oxidation States': [-1.686]}, {'Element': 'Na', 'Oxidation States': [0.968, 0.969]}]"
Na2S-PC-elecmin,Na2S,,PC,-105.82455584497686,3.0,False,False,"[{'Element': 'S', 'Oxidation States': [-1.686]}, {'Element': 'Na', 'Oxidation States': [0.968, 0.969]}]"
Na2S-PC-elecmin,Na2S,,PC,-105.83006010541649,9.0,False,False,"[{'Element': 'S', 'Oxidation States': [-1.686]}, {'Element': 'Na', 'Oxidation States': [0.968, 0.969]}]"
Na2S-PC-elecmin,Na2S,,PC,-105.8306103410299,12.0,False,False,"[{'Element': 'S', 'Oxidation States': [-1.686]}, {'Element': 'Na', 'Oxidation States': [0.968, 0.969]}]"
Na2S-PC-elecmin,Na2S,,PC,-105.83061033362006,11.0,False,False,"[{'Element': 'S', 'Oxidation States': [-1.686]}, {'Element': 'Na', 'Oxidation States': [0.968, 0.969]}]"
Na2S-PC-elecmin,Na2S,,PC,-105.83050790115921,10.0,False,False,"[{'Element': 'S', 'Oxidation States': [-1.686]}, {'Element': 'Na', 'Oxidation States': [0.968, 0.969]}]"
Na2S-PC-elecmin,Na2S,,PC,-105.82343357770989,2.0,False,False,"[{'Element': 'S', 'Oxidation States': [-1.686]}, {'Element': 'Na', 'Oxidation States': [0.968, 0.969]}]"
Na2S-PC-elecmin,Na2S,,PC,-105.82557860819038,8.0,False,False,"[{'Element': 'S', 'Oxidation States': [-1.686]}, {'Element': 'Na', 'Oxidation States': [0.968, 0.969]}]"
Na2S-PC-elecmin,Na2S,,PC,-105.82527423390837,7.0,False,False,"[{'Element': 'S', 'Oxidation States': [-1.686]}, {'Element': 'Na', 'Oxidation States': [0.968, 0.969]}]"
Na2S-PC-elecmin,Na2S,,PC,-105.82497957255367,6.0,False,False,"[{'Element': 'S', 'Oxidation States': [-1.686]}, {'Element': 'Na', 'Oxidation States': [0.968, 0.969]}]"
Na2S-PC-elecmin,Na2S,,PC,-105.8247413515662,5.0,False,False,"[{'Element': 'S', 'Oxidation States': [-1.686]}, {'Element': 'Na', 'Oxidation States': [0.968, 0.969]}]"
Na2S-PC-elecmin,Na2S,,PC,-105.83061050390783,13.0,False,False,"[{'Element': 'S', 'Oxidation States': [-1.686]}, {'Element': 'Na', 'Oxidation States': [0.968, 0.969]}]"
Na2S-PC-vdw,Na2S,,PC,-105.8453056690133,0.0,True,True,"[{'Element': 'S', 'Oxidation States': [-1.666]}, {'Element': 'Na', 'Oxidation States': [0.955, 0.955]}]"
Na2S-PC-vdw-elecmin,Na2S,,PC,-105.83834553825429,1.0,False,True,"[{'Element': 'S', 'Oxidation States': [-1.667]}, {'Element': 'Na', 'Oxidation States': [0.955, 0.955]}]"
Na2S-PC-vdw-elecmin,Na2S,,PC,-105.83834548719565,0.0,False,True,"[{'Element': 'S', 'Oxidation States': [-1.667]}, {'Element': 'Na', 'Oxidation States': [0.955, 0.955]}]"
Na2S-elecmin,Na2S,,Vacuum,-105.61493242046171,0.0,False,False,"[{'Element': 'S', 'Oxidation States': [-1.173]}, {'Element': 'Na', 'Oxidation States': [0.673, 0.673]}]"
Na2S-glyme,Na2S,,Glyme,-105.65917248659142,0.0,True,False,"[{'Element': 'S', 'Oxidation States': [-1.413]}, {'Element': 'Na', 'Oxidation States': [0.818, 0.819]}]"
Na2S-glyme-elecmin,Na2S,,Glyme,-105.65917250565124,0.0,False,False,"[{'Element': 'S', 'Oxidation States': [-1.413]}, {'Element': 'Na', 'Oxidation States': [0.818, 0.819]}]"
Na2S-glyme-vdw,Na2S,,Glyme,-105.66006305322294,2.0,True,True,"[{'Element': 'S', 'Oxidation States': [-1.413]}, {'Element': 'Na', 'Oxidation States': [0.818, 0.819]}]"
Na2S-glyme-vdw,Na2S,,Glyme,-105.66006064969184,1.0,True,True,"[{'Element': 'S', 'Oxidation States': [-1.413]}, {'Element': 'Na', 'Oxidation States': [0.818, 0.819]}]"
Na2S-glyme-vdw,Na2S,,Glyme,-105.658999614323,0.0,True,True,"[{'Element': 'S', 'Oxidation States': [-1.413]}, {'Element': 'Na', 'Oxidation States': [0.818, 0.819]}]"
Na2S-glyme-vdw-elecmin,Na2S,,Glyme,-105.66006305531023,0.0,False,True,"[{'Element': 'S', 'Oxidation States': [-1.413]}, {'Element': 'Na', 'Oxidation States': [0.818, 0.819]}]"
Na2S-vdw,Na2S,,Vacuum,-105.61577022639933,0.0,True,True,"[{'Element': 'S', 'Oxidation States': [-1.173]}, {'Element': 'Na', 'Oxidation States': [0.673, 0.673]}]"
Na2S-vdw-elecmin,Na2S,,Vacuum,-105.61577022784212,0.0,False,True,"[{'Element': 'S', 'Oxidation States': [-1.173]}, {'Element': 'Na', 'Oxidation States': [0.673, 0.673]}]"
Na2S2,Na2S2,,Vacuum,-115.92161553252713,0.0,True,False,"[{'Element': 'S', 'Oxidation States': [-0.704, -0.704]}, {'Element': 'Na', 'Oxidation States': [0.81, 0.81]}]"
Na2S2-PC,Na2S2,,PC,-116.08916005771336,0.0,True,False,"[{'Element': 'S', 'Oxidation States': [-0.857, -0.857]}, {'Element': 'Na', 'Oxidation States': [0.97, 0.97]}]"
Na2S2-PC,Na2S2,,PC,-116.1144246772153,2.0,True,False,"[{'Element': 'S', 'Oxidation States': [-0.857, -0.857]}, {'Element': 'Na', 'Oxidation States': [0.97, 0.97]}]"
Na2S2-PC,Na2S2,,PC,-116.12385055994785,3.0,True,False,"[{'Element': 'S', 'Oxidation States': [-0.857, -0.857]}, {'Element': 'Na', 'Oxidation States': [0.97, 0.97]}]"
Na2S2-PC,Na2S2,,PC,-116.12772430001083,4.0,True,False,"[{'Element': 'S', 'Oxidation States': [-0.857, -0.857]}, {'Element': 'Na', 'Oxidation States': [0.97, 0.97]}]"
Na2S2-PC,Na2S2,,PC,-116.1291824980729,5.0,True,False,"[{'Element': 'S', 'Oxidation States': [-0.857, -0.857]}, {'Element': 'Na', 'Oxidation States': [0.97, 0.97]}]"
Na2S2-PC,Na2S2,,PC,-116.11194021926246,1.0,True,False,"[{'Element': 'S', 'Oxidation States': [-0.857, -0.857]}, {'Element': 'Na', 'Oxidation States': [0.97, 0.97]}]"
Na2S2-PC,Na2S2,,PC,-116.12922737433233,7.0,True,False,"[{'Element': 'S', 'Oxidation States': [-0.857, -0.857]}, {'Element': 'Na', 'Oxidation States': [0.97, 0.97]}]"
Na2S2-PC,Na2S2,,PC,-116.12922797579753,8.0,True,False,"[{'Element': 'S', 'Oxidation States': [-0.857, -0.857]}, {'Element': 'Na', 'Oxidation States': [0.97, 0.97]}]"
Na2S2-PC,Na2S2,,PC,-116.1292300503202,9.0,True,False,"[{'Element': 'S', 'Oxidation States': [-0.857, -0.857]}, {'Element': 'Na', 'Oxidation States': [0.97, 0.97]}]"
Na2S2-PC,Na2S2,,PC,-116.12923005686692,10.0,True,False,"[{'Element': 'S', 'Oxidation States': [-0.857, -0.857]}, {'Element': 'Na', 'Oxidation States': [0.97, 0.97]}]"
Na2S2-PC,Na2S2,,PC,-116.12922592947757,6.0,True,False,"[{'Element': 'S', 'Oxidation States': [-0.857, -0.857]}, {'Element': 'Na', 'Oxidation States': [0.97, 0.97]}]"
Na2S2-PC-elecmin,Na2S2,,PC,-116.12868965246567,3.0,False,False,"[{'Element': 'S', 'Oxidation States': [-0.863, -0.862]}, {'Element': 'Na', 'Oxidation States': [0.975, 0.975]}]"
Na2S2-PC-elecmin,Na2S2,,PC,-116.12902685005899,4.0,False,False,"[{'Element': 'S', 'Oxidation States': [-0.863, -0.862]}, {'Element': 'Na', 'Oxidation States': [0.975, 0.975]}]"
Na2S2-PC-elecmin,Na2S2,,PC,-116.12917272370257,5.0,False,False,"[{'Element': 'S', 'Oxidation States': [-0.863, -0.862]}, {'Element': 'Na', 'Oxidation States': [0.975, 0.975]}]"
Na2S2-PC-elecmin,Na2S2,,PC,-116.12922566036498,6.0,False,False,"[{'Element': 'S', 'Oxidation States': [-0.863, -0.862]}, {'Element': 'Na', 'Oxidation States': [0.975, 0.975]}]"
Na2S2-PC-elecmin,Na2S2,,PC,-116.12922566689775,7.0,False,False,"[{'Element': 'S', 'Oxidation States': [-0.863, -0.862]}, {'Element': 'Na', 'Oxidation States': [0.975, 0.975]}]"
Na2S2-PC-elecmin,Na2S2,,PC,-116.12922827704826,8.0,False,False,"[{'Element': 'S', 'Oxidation States': [-0.863, -0.862]}, {'Element': 'Na', 'Oxidation States': [0.975, 0.975]}]"
Na2S2-PC-elecmin,Na2S2,,PC,-116.12922852534334,9.0,False,False,"[{'Element': 'S', 'Oxidation States': [-0.863, -0.862]}, {'Element': 'Na', 'Oxidation States': [0.975, 0.975]}]"
Na2S2-PC-elecmin,Na2S2,,PC,-116.12923065434896,10.0,False,False,"[{'Element': 'S', 'Oxidation States': [-0.863, -0.862]}, {'Element': 'Na', 'Oxidation States': [0.975, 0.975]}]"
Na2S2-PC-elecmin,Na2S2,,PC,-116.12925653307786,12.0,False,False,"[{'Element': 'S', 'Oxidation States': [-0.863, -0.862]}, {'Element': 'Na', 'Oxidation States': [0.975, 0.975]}]"
Na2S2-PC-elecmin,Na2S2,,PC,-116.12927437653035,13.0,False,False,"[{'Element': 'S', 'Oxidation States': [-0.863, -0.862]}, {'Element': 'Na', 'Oxidation States': [0.975, 0.975]}]"
Na2S2-PC-elecmin,Na2S2,,PC,-116.12928673478243,14.0,False,False,"[{'Element': 'S', 'Oxidation States': [-0.863, -0.862]}, {'Element': 'Na', 'Oxidation States': [0.975, 0.975]}]"
Na2S2-PC-elecmin,Na2S2,,PC,-116.12928678466149,15.0,False,False,"[{'Element': 'S', 'Oxidation States': [-0.863, -0.862]}, {'Element': 'Na', 'Oxidation States': [0.975, 0.975]}]"
Na2S2-PC-elecmin,Na2S2,,PC,-116.1292892456553,16.0,False,False,"[{'Element': 'S', 'Oxidation States': [-0.863, -0.862]}, {'Element': 'Na', 'Oxidation States': [0.975, 0.975]}]"
Na2S2-PC-elecmin,Na2S2,,PC,-116.12928924874143,17.0,False,False,"[{'Element': 'S', 'Oxidation States': [-0.863, -0.862]}, {'Element': 'Na', 'Oxidation States': [0.975, 0.975]}]"
Na2S2-PC-elecmin,Na2S2,,PC,-116.12928945333304,18.0,False,False,"[{'Element': 'S', 'Oxidation States': [-0.863, -0.862]}, {'Element': 'Na', 'Oxidation States': [0.975, 0.975]}]"
Na2S2-PC-elecmin,Na2S2,,PC,-116.12868626407246,2.0,False,False,"[{'Element': 'S', 'Oxidation States': [-0.863, -0.862]}, {'Element': 'Na', 'Oxidation States': [0.975, 0.975]}]"
Na2S2-PC-elecmin,Na2S2,,PC,-116.12923884606971,11.0,False,False,"[{'Element': 'S', 'Oxidation States': [-0.863, -0.862]}, {'Element': 'Na', 'Oxidation States': [0.975, 0.975]}]"
Na2S2-PC-elecmin,Na2S2,,PC,-116.12867513087392,0.0,False,False,"[{'Element': 'S', 'Oxidation States': [-0.863, -0.862]}, {'Element': 'Na', 'Oxidation States': [0.975, 0.975]}]"
Na2S2-PC-elecmin,Na2S2,,PC,-116.12868041834174,1.0,False,False,"[{'Element': 'S', 'Oxidation States': [-0.863, -0.862]}, {'Element': 'Na', 'Oxidation States': [0.975, 0.975]}]"
Na2S2-PC-vdw,Na2S2,,PC,-116.13569789448705,9.0,True,True,"[{'Element': 'S', 'Oxidation States': [-0.849, -0.849]}, {'Element': 'Na', 'Oxidation States': [0.96, 0.96]}]"
Na2S2-PC-vdw,Na2S2,,PC,-116.13565056334716,7.0,True,True,"[{'Element': 'S', 'Oxidation States': [-0.849, -0.849]}, {'Element': 'Na', 'Oxidation States': [0.96, 0.96]}]"
Na2S2-PC-vdw,Na2S2,,PC,-116.09032655192692,0.0,True,True,"[{'Element': 'S', 'Oxidation States': [-0.849, -0.849]}, {'Element': 'Na', 'Oxidation States': [0.96, 0.96]}]"
Na2S2-PC-vdw,Na2S2,,PC,-116.11357445539508,1.0,True,True,"[{'Element': 'S', 'Oxidation States': [-0.849, -0.849]}, {'Element': 'Na', 'Oxidation States': [0.96, 0.96]}]"
Na2S2-PC-vdw,Na2S2,,PC,-116.11641570225603,2.0,True,True,"[{'Element': 'S', 'Oxidation States': [-0.849, -0.849]}, {'Element': 'Na', 'Oxidation States': [0.96, 0.96]}]"
Na2S2-PC-vdw,Na2S2,,PC,-116.1355698422673,6.0,True,True,"[{'Element': 'S', 'Oxidation States': [-0.849, -0.849]}, {'Element': 'Na', 'Oxidation States': [0.96, 0.96]}]"
Na2S2-PC-vdw,Na2S2,,PC,-116.13541365259063,5.0,True,True,"[{'Element': 'S', 'Oxidation States': [-0.849, -0.849]}, {'Element': 'Na', 'Oxidation States': [0.96, 0.96]}]"
Na2S2-PC-vdw,Na2S2,,PC,-116.13303588005421,4.0,True,True,"[{'Element': 'S', 'Oxidation States': [-0.849, -0.849]}, {'Element': 'Na', 'Oxidation States': [0.96, 0.96]}]"
Na2S2-PC-vdw,Na2S2,,PC,-116.11678547312597,3.0,True,True,"[{'Element': 'S', 'Oxidation States': [-0.849, -0.849]}, {'Element': 'Na', 'Oxidation States': [0.96, 0.96]}]"
Na2S2-PC-vdw,Na2S2,,PC,-116.13569328591802,8.0,True,True,"[{'Element': 'S', 'Oxidation States': [-0.849, -0.849]}, {'Element': 'Na', 'Oxidation States': [0.96, 0.96]}]"
Na2S2-PC-vdw-elecmin,Na2S2,,PC,-116.13569817727223,1.0,False,True,"[{'Element': 'S', 'Oxidation States': [-0.849, -0.849]}, {'Element': 'Na', 'Oxidation States': [0.961, 0.961]}]"
Na2S2-PC-vdw-elecmin,Na2S2,,PC,-116.13569810093435,0.0,False,True,"[{'Element': 'S', 'Oxidation States': [-0.849, -0.849]}, {'Element': 'Na', 'Oxidation States': [0.961, 0.961]}]"
Na2S2-elecmin,Na2S2,,Vacuum,-115.92161553704018,0.0,False,False,"[{'Element': 'S', 'Oxidation States': [-0.704, -0.704]}, {'Element': 'Na', 'Oxidation States': [0.81, 0.81]}]"
Na2S2-glyme,Na2S2,,Glyme,-115.97306359014219,7.0,True,False,"[{'Element': 'S', 'Oxidation States': [-0.766, -0.766]}, {'Element': 'Na', 'Oxidation States': [0.87, 0.87]}]"
Na2S2-glyme,Na2S2,,Glyme,-115.97306400328378,8.0,True,False,"[{'Element': 'S', 'Oxidation States': [-0.766, -0.766]}, {'Element': 'Na', 'Oxidation States': [0.87, 0.87]}]"
Na2S2-glyme,Na2S2,,Glyme,-115.97305379840549,4.0,True,False,"[{'Element': 'S', 'Oxidation States': [-0.766, -0.766]}, {'Element': 'Na', 'Oxidation States': [0.87, 0.87]}]"
Na2S2-glyme,Na2S2,,Glyme,-115.9730347629013,3.0,True,False,"[{'Element': 'S', 'Oxidation States': [-0.766, -0.766]}, {'Element': 'Na', 'Oxidation States': [0.87, 0.87]}]"
Na2S2-glyme,Na2S2,,Glyme,-115.97302948747792,2.0,True,False,"[{'Element': 'S', 'Oxidation States': [-0.766, -0.766]}, {'Element': 'Na', 'Oxidation States': [0.87, 0.87]}]"
Na2S2-glyme,Na2S2,,Glyme,-115.97300582429231,1.0,True,False,"[{'Element': 'S', 'Oxidation States': [-0.766, -0.766]}, {'Element': 'Na', 'Oxidation States': [0.87, 0.87]}]"
Na2S2-glyme,Na2S2,,Glyme,-115.9707698474469,0.0,True,False,"[{'Element': 'S', 'Oxidation States': [-0.766, -0.766]}, {'Element': 'Na', 'Oxidation States': [0.87, 0.87]}]"
Na2S2-glyme,Na2S2,,Glyme,-115.97306190823379,6.0,True,False,"[{'Element': 'S', 'Oxidation States': [-0.766, -0.766]}, {'Element': 'Na', 'Oxidation States': [0.87, 0.87]}]"
Na2S2-glyme,Na2S2,,Glyme,-115.97306088472729,5.0,True,False,"[{'Element': 'S', 'Oxidation States': [-0.766, -0.766]}, {'Element': 'Na', 'Oxidation States': [0.87, 0.87]}]"
Na2S2-glyme-elecmin,Na2S2,,Glyme,-115.97303408658216,3.0,False,False,"[{'Element': 'S', 'Oxidation States': [-0.766, -0.766]}, {'Element': 'Na', 'Oxidation States': [0.87, 0.87]}]"
Na2S2-glyme-elecmin,Na2S2,,Glyme,-115.97306268420473,9.0,False,False,"[{'Element': 'S', 'Oxidation States': [-0.766, -0.766]}, {'Element': 'Na', 'Oxidation States': [0.87, 0.87]}]"
Na2S2-glyme-elecmin,Na2S2,,Glyme,-115.97306176474439,8.0,False,False,"[{'Element': 'S', 'Oxidation States': [-0.766, -0.766]}, {'Element': 'Na', 'Oxidation States': [0.87, 0.87]}]"
Na2S2-glyme-elecmin,Na2S2,,Glyme,-115.97305904700715,7.0,False,False,"[{'Element': 'S', 'Oxidation States': [-0.766, -0.766]}, {'Element': 'Na', 'Oxidation States': [0.87, 0.87]}]"
Na2S2-glyme-elecmin,Na2S2,,Glyme,-115.97305624746338,6.0,False,False,"[{'Element': 'S', 'Oxidation States': [-0.766, -0.766]}, {'Element': 'Na', 'Oxidation States': [0.87, 0.87]}]"
Na2S2-glyme-elecmin,Na2S2,,Glyme,-115.9730376845136,4.0,False,False,"[{'Element': 'S', 'Oxidation States': [-0.766, -0.766]}, {'Element': 'Na', 'Oxidation States': [0.87, 0.87]}]"
Na2S2-glyme-elecmin,Na2S2,,Glyme,-115.97303028147152,2.0,False,False,"[{'Element': 'S', 'Oxidation States': [-0.766, -0.766]}, {'Element': 'Na', 'Oxidation States': [0.87, 0.87]}]"
Na2S2-glyme-elecmin,Na2S2,,Glyme,-115.97300533511964,1.0,False,False,"[{'Element': 'S', 'Oxidation States': [-0.766, -0.766]}, {'Element': 'Na', 'Oxidation States': [0.87, 0.87]}]"
Na2S2-glyme-elecmin,Na2S2,,Glyme,-115.97076987480669,0.0,False,False,"[{'Element': 'S', 'Oxidation States': [-0.766, -0.766]}, {'Element': 'Na', 'Oxidation States': [0.87, 0.87]}]"
Na2S2-glyme-elecmin,Na2S2,,Glyme,-115.97306294921134,10.0,False,False,"[{'Element': 'S', 'Oxidation States': [-0.766, -0.766]}, {'Element': 'Na', 'Oxidation States': [0.87, 0.87]}]"
Na2S2-glyme-elecmin,Na2S2,,Glyme,-115.973049255686,5.0,False,False,"[{'Element': 'S', 'Oxidation States': [-0.766, -0.766]}, {'Element': 'Na', 'Oxidation States': [0.87, 0.87]}]"
Na2S2-glyme-vdw,Na2S2,,Glyme,-115.97438353012184,12.0,True,True,"[{'Element': 'S', 'Oxidation States': [-0.765, -0.765]}, {'Element': 'Na', 'Oxidation States': [0.869, 0.869]}]"
Na2S2-glyme-vdw,Na2S2,,Glyme,-115.97438458843831,13.0,True,True,"[{'Element': 'S', 'Oxidation States': [-0.765, -0.765]}, {'Element': 'Na', 'Oxidation States': [0.869, 0.869]}]"
Na2S2-glyme-vdw,Na2S2,,Glyme,-115.97434958230207,5.0,True,True,"[{'Element': 'S', 'Oxidation States': [-0.765, -0.765]}, {'Element': 'Na', 'Oxidation States': [0.869, 0.869]}]"
Na2S2-glyme-vdw,Na2S2,,Glyme,-115.97438766880111,16.0,True,True,"[{'Element': 'S', 'Oxidation States': [-0.765, -0.765]}, {'Element': 'Na', 'Oxidation States': [0.869, 0.869]}]"
Na2S2-glyme-vdw,Na2S2,,Glyme,-115.97438846251998,17.0,True,True,"[{'Element': 'S', 'Oxidation States': [-0.765, -0.765]}, {'Element': 'Na', 'Oxidation States': [0.869, 0.869]}]"
Na2S2-glyme-vdw,Na2S2,,Glyme,-115.97437893499878,11.0,True,True,"[{'Element': 'S', 'Oxidation States': [-0.765, -0.765]}, {'Element': 'Na', 'Oxidation States': [0.869, 0.869]}]"
Na2S2-glyme-vdw,Na2S2,,Glyme,-115.97437638480292,10.0,True,True,"[{'Element': 'S', 'Oxidation States': [-0.765, -0.765]}, {'Element': 'Na', 'Oxidation States': [0.869, 0.869]}]"
Na2S2-glyme-vdw,Na2S2,,Glyme,-115.97437357939268,9.0,True,True,"[{'Element': 'S', 'Oxidation States': [-0.765, -0.765]}, {'Element': 'Na', 'Oxidation States': [0.869, 0.869]}]"
Na2S2-glyme-vdw,Na2S2,,Glyme,-115.9743701349804,8.0,True,True,"[{'Element': 'S', 'Oxidation States': [-0.765, -0.765]}, {'Element': 'Na', 'Oxidation States': [0.869, 0.869]}]"
Na2S2-glyme-vdw,Na2S2,,Glyme,-115.97436696200528,7.0,True,True,"[{'Element': 'S', 'Oxidation States': [-0.765, -0.765]}, {'Element': 'Na', 'Oxidation States': [0.869, 0.869]}]"
Na2S2-glyme-vdw,Na2S2,,Glyme,-115.9743616369307,6.0,True,True,"[{'Element': 'S', 'Oxidation States': [-0.765, -0.765]}, {'Element': 'Na', 'Oxidation States': [0.869, 0.869]}]"
Na2S2-glyme-vdw,Na2S2,,Glyme,-115.97438744065735,15.0,True,True,"[{'Element': 'S', 'Oxidation States': [-0.765, -0.765]}, {'Element': 'Na', 'Oxidation States': [0.869, 0.869]}]"
Na2S2-glyme-vdw,Na2S2,,Glyme,-115.97438594624701,14.0,True,True,"[{'Element': 'S', 'Oxidation States': [-0.765, -0.765]}, {'Element': 'Na', 'Oxidation States': [0.869, 0.869]}]"
Na2S2-glyme-vdw,Na2S2,,Glyme,-115.97432614397852,3.0,True,True,"[{'Element': 'S', 'Oxidation States': [-0.765, -0.765]}, {'Element': 'Na', 'Oxidation States': [0.869, 0.869]}]"
Na2S2-glyme-vdw,Na2S2,,Glyme,-115.97431954508434,2.0,True,True,"[{'Element': 'S', 'Oxidation States': [-0.765, -0.765]}, {'Element': 'Na', 'Oxidation States': [0.869, 0.869]}]"
Na2S2-glyme-vdw,Na2S2,,Glyme,-115.97429496607847,1.0,True,True,"[{'Element': 'S', 'Oxidation States': [-0.765, -0.765]}, {'Element': 'Na', 'Oxidation States': [0.869, 0.869]}]"
Na2S2-glyme-vdw,Na2S2,,Glyme,-115.97193634165905,0.0,True,True,"[{'Element': 'S', 'Oxidation States': [-0.765, -0.765]}, {'Element': 'Na', 'Oxidation States': [0.869, 0.869]}]"
Na2S2-glyme-vdw,Na2S2,,Glyme,-115.97433985089509,4.0,True,True,"[{'Element': 'S', 'Oxidation States': [-0.765, -0.765]}, {'Element': 'Na', 'Oxidation States': [0.869, 0.869]}]"
Na2S2-glyme-vdw-elecmin,Na2S2,,Glyme,-115.97439337829792,5.0,False,True,"[{'Element': 'S', 'Oxidation States': [-0.765, -0.765]}, {'Element': 'Na', 'Oxidation States': [0.87, 0.87]}]"
Na2S2-glyme-vdw-elecmin,Na2S2,,Glyme,-115.97438843160282,0.0,False,True,"[{'Element': 'S', 'Oxidation States': [-0.765, -0.765]}, {'Element': 'Na', 'Oxidation States': [0.87, 0.87]}]"
Na2S2-glyme-vdw-elecmin,Na2S2,,Glyme,-115.97439294721329,4.0,False,True,"[{'Element': 'S', 'Oxidation States': [-0.765, -0.765]}, {'Element': 'Na', 'Oxidation States': [0.87, 0.87]}]"
Na2S2-glyme-vdw-elecmin,Na2S2,,Glyme,-115.97439215953314,3.0,False,True,"[{'Element': 'S', 'Oxidation States': [-0.765, -0.765]}, {'Element': 'Na', 'Oxidation States': [0.87, 0.87]}]"
Na2S2-glyme-vdw-elecmin,Na2S2,,Glyme,-115.97439097476347,2.0,False,True,"[{'Element': 'S', 'Oxidation States': [-0.765, -0.765]}, {'Element': 'Na', 'Oxidation States': [0.87, 0.87]}]"
Na2S2-glyme-vdw-elecmin,Na2S2,,Glyme,-115.9743886489149,1.0,False,True,"[{'Element': 'S', 'Oxidation States': [-0.765, -0.765]}, {'Element': 'Na', 'Oxidation States': [0.87, 0.87]}]"
Na2S2-vdw,Na2S2,,Vacuum,-115.92278271907915,1.0,True,True,"[{'Element': 'S', 'Oxidation States': [-0.704, -0.704]}, {'Element': 'Na', 'Oxidation States': [0.81, 0.81]}]"
Na2S2-vdw,Na2S2,,Vacuum,-115.92278202673343,0.0,True,True,"[{'Element': 'S', 'Oxidation States': [-0.704, -0.704]}, {'Element': 'Na', 'Oxidation States': [0.81, 0.81]}]"
Na2S2-vdw-elecmin,Na2S2,,Vacuum,-115.92278271850623,0.0,False,True,"[{'Element': 'S', 'Oxidation States': [-0.704, -0.704]}, {'Element': 'Na', 'Oxidation States': [0.81, 0.81]}]"
Na2S4,Na2S4,,Vacuum,-136.53047321610237,0.0,True,False,"[{'Element': 'S', 'Oxidation States': [-0.583, 0.005, 0.004, -0.583]}, {'Element': 'Na', 'Oxidation States': [0.765, 0.765]}]"
Na2S4-PC,Na2S4,,PC,-136.718066177282,22.0,True,False,"[{'Element': 'S', 'Oxidation States': [-0.739, -0.045, -0.044, -0.739]}, {'Element': 'Na', 'Oxidation States': [0.973, 0.973]}]"
Na2S4-PC,Na2S4,,PC,-136.71828863900882,23.0,True,False,"[{'Element': 'S', 'Oxidation States': [-0.739, -0.045, -0.044, -0.739]}, {'Element': 'Na', 'Oxidation States': [0.973, 0.973]}]"
Na2S4-PC,Na2S4,,PC,-136.7185871526912,24.0,True,False,"[{'Element': 'S', 'Oxidation States': [-0.739, -0.045, -0.044, -0.739]}, {'Element': 'Na', 'Oxidation States': [0.973, 0.973]}]"
Na2S4-PC,Na2S4,,PC,-136.71879201328085,25.0,True,False,"[{'Element': 'S', 'Oxidation States': [-0.739, -0.045, -0.044, -0.739]}, {'Element': 'Na', 'Oxidation States': [0.973, 0.973]}]"
Na2S4-PC,Na2S4,,PC,-136.71893684447681,26.0,True,False,"[{'Element': 'S', 'Oxidation States': [-0.739, -0.045, -0.044, -0.739]}, {'Element': 'Na', 'Oxidation States': [0.973, 0.973]}]"
Na2S4-PC,Na2S4,,PC,-136.71904868237314,27.0,True,False,"[{'Element': 'S', 'Oxidation States': [-0.739, -0.045, -0.044, -0.739]}, {'Element': 'Na', 'Oxidation States': [0.973, 0.973]}]"
Na2S4-PC,Na2S4,,PC,-136.7191193577656,28.0,True,False,"[{'Element': 'S', 'Oxidation States': [-0.739, -0.045, -0.044, -0.739]}, {'Element': 'Na', 'Oxidation States': [0.973, 0.973]}]"
Na2S4-PC,Na2S4,,PC,-136.71919188056933,29.0,True,False,"[{'Element': 'S', 'Oxidation States': [-0.739, -0.045, -0.044, -0.739]}, {'Element': 'Na', 'Oxidation States': [0.973, 0.973]}]"
Na2S4-PC,Na2S4,,PC,-136.71922746707443,30.0,True,False,"[{'Element': 'S', 'Oxidation States': [-0.739, -0.045, -0.044, -0.739]}, {'Element': 'Na', 'Oxidation States': [0.973, 0.973]}]"
Na2S4-PC,Na2S4,,PC,-136.7192510945924,31.0,True,False,"[{'Element': 'S', 'Oxidation States': [-0.739, -0.045, -0.044, -0.739]}, {'Element': 'Na', 'Oxidation States': [0.973, 0.973]}]"
Na2S4-PC,Na2S4,,PC,-136.71940272637232,41.0,True,False,"[{'Element': 'S', 'Oxidation States': [-0.739, -0.045, -0.044, -0.739]}, {'Element': 'Na', 'Oxidation States': [0.973, 0.973]}]"
Na2S4-PC,Na2S4,,PC,-136.71927266921955,33.0,True,False,"[{'Element': 'S', 'Oxidation States': [-0.739, -0.045, -0.044, -0.739]}, {'Element': 'Na', 'Oxidation States': [0.973, 0.973]}]"
Na2S4-PC,Na2S4,,PC,-136.7192872200823,34.0,True,False,"[{'Element': 'S', 'Oxidation States': [-0.739, -0.045, -0.044, -0.739]}, {'Element': 'Na', 'Oxidation States': [0.973, 0.973]}]"
Na2S4-PC,Na2S4,,PC,-136.71929400460016,35.0,True,False,"[{'Element': 'S', 'Oxidation States': [-0.739, -0.045, -0.044, -0.739]}, {'Element': 'Na', 'Oxidation States': [0.973, 0.973]}]"
Na2S4-PC,Na2S4,,PC,-136.71930084683973,36.0,True,False,"[{'Element': 'S', 'Oxidation States': [-0.739, -0.045, -0.044, -0.739]}, {'Element': 'Na', 'Oxidation States': [0.973, 0.973]}]"
Na2S4-PC,Na2S4,,PC,-136.7193097069519,37.0,True,False,"[{'Element': 'S', 'Oxidation States': [-0.739, -0.045, -0.044, -0.739]}, {'Element': 'Na', 'Oxidation States': [0.973, 0.973]}]"
Na2S4-PC,Na2S4,,PC,-136.71931923829922,38.0,True,False,"[{'Element': 'S', 'Oxidation States': [-0.739, -0.045, -0.044, -0.739]}, {'Element': 'Na', 'Oxidation States': [0.973, 0.973]}]"
Na2S4-PC,Na2S4,,PC,-136.71933954625177,39.0,True,False,"[{'Element': 'S', 'Oxidation States': [-0.739, -0.045, -0.044, -0.739]}, {'Element': 'Na', 'Oxidation States': [0.973, 0.973]}]"
Na2S4-PC,Na2S4,,PC,-136.71937293483285,40.0,True,False,"[{'Element': 'S', 'Oxidation States': [-0.739, -0.045, -0.044, -0.739]}, {'Element': 'Na', 'Oxidation States': [0.973, 0.973]}]"
Na2S4-PC,Na2S4,,PC,-136.71926240673298,32.0,True,False,"[{'Element': 'S', 'Oxidation States': [-0.739, -0.045, -0.044, -0.739]}, {'Element': 'Na', 'Oxidation States': [0.973, 0.973]}]"
Na2S4-PC,Na2S4,,PC,-136.71778092195015,21.0,True,False,"[{'Element': 'S', 'Oxidation States': [-0.739, -0.045, -0.044, -0.739]}, {'Element': 'Na', 'Oxidation States': [0.973, 0.973]}]"
Na2S4-PC,Na2S4,,PC,-136.71082463112418,8.0,True,False,"[{'Element': 'S', 'Oxidation States': [-0.739, -0.045, -0.044, -0.739]}, {'Element': 'Na', 'Oxidation States': [0.973, 0.973]}]"
Na2S4-PC,Na2S4,,PC,-136.71741885721346,19.0,True,False,"[{'Element': 'S', 'Oxidation States': [-0.739, -0.045, -0.044, -0.739]}, {'Element': 'Na', 'Oxidation States': [0.973, 0.973]}]"
Na2S4-PC,Na2S4,,PC,-136.71942120620625,42.0,True,False,"[{'Element': 'S', 'Oxidation States': [-0.739, -0.045, -0.044, -0.739]}, {'Element': 'Na', 'Oxidation States': [0.973, 0.973]}]"
Na2S4-PC,Na2S4,,PC,-136.6700729822358,0.0,True,False,"[{'Element': 'S', 'Oxidation States': [-0.739, -0.045, -0.044, -0.739]}, {'Element': 'Na', 'Oxidation States': [0.973, 0.973]}]"
Na2S4-PC,Na2S4,,PC,-136.69556875888193,1.0,True,False,"[{'Element': 'S', 'Oxidation States': [-0.739, -0.045, -0.044, -0.739]}, {'Element': 'Na', 'Oxidation States': [0.973, 0.973]}]"
Na2S4-PC,Na2S4,,PC,-136.703704141999,2.0,True,False,"[{'Element': 'S', 'Oxidation States': [-0.739, -0.045, -0.044, -0.739]}, {'Element': 'Na', 'Oxidation States': [0.973, 0.973]}]"
Na2S4-PC,Na2S4,,PC,-136.704904569392,3.0,True,False,"[{'Element': 'S', 'Oxidation States': [-0.739, -0.045, -0.044, -0.739]}, {'Element': 'Na', 'Oxidation States': [0.973, 0.973]}]"
Na2S4-PC,Na2S4,,PC,-136.705698360633,4.0,True,False,"[{'Element': 'S', 'Oxidation States': [-0.739, -0.045, -0.044, -0.739]}, {'Element': 'Na', 'Oxidation States': [0.973, 0.973]}]"
Na2S4-PC,Na2S4,,PC,-136.7072721570042,5.0,True,False,"[{'Element': 'S', 'Oxidation States': [-0.739, -0.045, -0.044, -0.739]}, {'Element': 'Na', 'Oxidation States': [0.973, 0.973]}]"
Na2S4-PC,Na2S4,,PC,-136.70967120505983,6.0,True,False,"[{'Element': 'S', 'Oxidation States': [-0.739, -0.045, -0.044, -0.739]}, {'Element': 'Na', 'Oxidation States': [0.973, 0.973]}]"
Na2S4-PC,Na2S4,,PC,-136.70977799673983,7.0,True,False,"[{'Element': 'S', 'Oxidation States': [-0.739, -0.045, -0.044, -0.739]}, {'Element': 'Na', 'Oxidation States': [0.973, 0.973]}]"
Na2S4-PC,Na2S4,,PC,-136.71382382352397,9.0,True,False,"[{'Element': 'S', 'Oxidation States': [-0.739, -0.045, -0.044, -0.739]}, {'Element': 'Na', 'Oxidation States': [0.973, 0.973]}]"
Na2S4-PC,Na2S4,,PC,-136.71510053857966,10.0,True,False,"[{'Element': 'S', 'Oxidation States': [-0.739, -0.045, -0.044, -0.739]}, {'Element': 'Na', 'Oxidation States': [0.973, 0.973]}]"
Na2S4-PC,Na2S4,,PC,-136.7152003993637,11.0,True,False,"[{'Element': 'S', 'Oxidation States': [-0.739, -0.045, -0.044, -0.739]}, {'Element': 'Na', 'Oxidation States': [0.973, 0.973]}]"
Na2S4-PC,Na2S4,,PC,-136.71530632256594,12.0,True,False,"[{'Element': 'S', 'Oxidation States': [-0.739, -0.045, -0.044, -0.739]}, {'Element': 'Na', 'Oxidation States': [0.973, 0.973]}]"
Na2S4-PC,Na2S4,,PC,-136.715601767909,13.0,True,False,"[{'Element': 'S', 'Oxidation States': [-0.739, -0.045, -0.044, -0.739]}, {'Element': 'Na', 'Oxidation States': [0.973, 0.973]}]"
Na2S4-PC,Na2S4,,PC,-136.71625749184597,14.0,True,False,"[{'Element': 'S', 'Oxidation States': [-0.739, -0.045, -0.044, -0.739]}, {'Element': 'Na', 'Oxidation States': [0.973, 0.973]}]"
Na2S4-PC,Na2S4,,PC,-136.71669470890197,15.0,True,False,"[{'Element': 'S', 'Oxidation States': [-0.739, -0.045, -0.044, -0.739]}, {'Element': 'Na', 'Oxidation States': [0.973, 0.973]}]"
Na2S4-PC,Na2S4,,PC,-136.7170234426818,16.0,True,False,"[{'Element': 'S', 'Oxidation States': [-0.739, -0.045, -0.044, -0.739]}, {'Element': 'Na', 'Oxidation States': [0.973, 0.973]}]"
Na2S4-PC,Na2S4,,PC,-136.71711396293264,17.0,True,False,"[{'Element': 'S', 'Oxidation States': [-0.739, -0.045, -0.044, -0.739]}, {'Element': 'Na', 'Oxidation States': [0.973, 0.973]}]"
Na2S4-PC,Na2S4,,PC,-136.71736530704763,18.0,True,False,"[{'Element': 'S', 'Oxidation States': [-0.739, -0.045, -0.044, -0.739]}, {'Element': 'Na', 'Oxidation States': [0.973, 0.973]}]"
Na2S4-PC,Na2S4,,PC,-136.71754368733798,20.0,True,False,"[{'Element': 'S', 'Oxidation States': [-0.739, -0.045, -0.044, -0.739]}, {'Element': 'Na', 'Oxidation States': [0.973, 0.973]}]"
Na2S4-PC,Na2S4,,PC,-136.7194355021347,43.0,True,False,"[{'Element': 'S', 'Oxidation States': [-0.739, -0.045, -0.044, -0.739]}, {'Element': 'Na', 'Oxidation States': [0.973, 0.973]}]"
Na2S4-PC,Na2S4,,PC,-136.71990111777185,81.0,True,False,"[{'Element': 'S', 'Oxidation States': [-0.739, -0.045, -0.044, -0.739]}, {'Element': 'Na', 'Oxidation States': [0.973, 0.973]}]"
Na2S4-PC,Na2S4,,PC,-136.7194836394317,45.0,True,False,"[{'Element': 'S', 'Oxidation States': [-0.739, -0.045, -0.044, -0.739]}, {'Element': 'Na', 'Oxidation States': [0.973, 0.973]}]"
Na2S4-PC,Na2S4,,PC,-136.71972840772156,60.0,True,False,"[{'Element': 'S', 'Oxidation States': [-0.739, -0.045, -0.044, -0.739]}, {'Element': 'Na', 'Oxidation States': [0.973, 0.973]}]"
Na2S4-PC,Na2S4,,PC,-136.71972983893517,61.0,True,False,"[{'Element': 'S', 'Oxidation States': [-0.739, -0.045, -0.044, -0.739]}, {'Element': 'Na', 'Oxidation States': [0.973, 0.973]}]"
Na2S4-PC,Na2S4,,PC,-136.7194531895903,44.0,True,False,"[{'Element': 'S', 'Oxidation States': [-0.739, -0.045, -0.044, -0.739]}, {'Element': 'Na', 'Oxidation States': [0.973, 0.973]}]"
Na2S4-PC,Na2S4,,PC,-136.71973339352746,63.0,True,False,"[{'Element': 'S', 'Oxidation States': [-0.739, -0.045, -0.044, -0.739]}, {'Element': 'Na', 'Oxidation States': [0.973, 0.973]}]"
Na2S4-PC,Na2S4,,PC,-136.71974167628875,64.0,True,False,"[{'Element': 'S', 'Oxidation States': [-0.739, -0.045, -0.044, -0.739]}, {'Element': 'Na', 'Oxidation States': [0.973, 0.973]}]"
Na2S4-PC,Na2S4,,PC,-136.71975042364156,65.0,True,False,"[{'Element': 'S', 'Oxidation States': [-0.739, -0.045, -0.044, -0.739]}, {'Element': 'Na', 'Oxidation States': [0.973, 0.973]}]"
Na2S4-PC,Na2S4,,PC,-136.71975265834118,66.0,True,False,"[{'Element': 'S', 'Oxidation States': [-0.739, -0.045, -0.044, -0.739]}, {'Element': 'Na', 'Oxidation States': [0.973, 0.973]}]"
Na2S4-PC,Na2S4,,PC,-136.71976374979783,67.0,True,False,"[{'Element': 'S', 'Oxidation States': [-0.739, -0.045, -0.044, -0.739]}, {'Element': 'Na', 'Oxidation States': [0.973, 0.973]}]"
Na2S4-PC,Na2S4,,PC,-136.71976376740338,68.0,True,False,"[{'Element': 'S', 'Oxidation States': [-0.739, -0.045, -0.044, -0.739]}, {'Element': 'Na', 'Oxidation States': [0.973, 0.973]}]"
Na2S4-PC,Na2S4,,PC,-136.7197755378703,69.0,True,False,"[{'Element': 'S', 'Oxidation States': [-0.739, -0.045, -0.044, -0.739]}, {'Element': 'Na', 'Oxidation States': [0.973, 0.973]}]"
Na2S4-PC,Na2S4,,PC,-136.71979178664913,70.0,True,False,"[{'Element': 'S', 'Oxidation States': [-0.739, -0.045, -0.044, -0.739]}, {'Element': 'Na', 'Oxidation States': [0.973, 0.973]}]"
Na2S4-PC,Na2S4,,PC,-136.71980601418818,71.0,True,False,"[{'Element': 'S', 'Oxidation States': [-0.739, -0.045, -0.044, -0.739]}, {'Element': 'Na', 'Oxidation States': [0.973, 0.973]}]"
Na2S4-PC,Na2S4,,PC,-136.719809191189,72.0,True,False,"[{'Element': 'S', 'Oxidation States': [-0.739, -0.045, -0.044, -0.739]}, {'Element': 'Na', 'Oxidation States': [0.973, 0.973]}]"
Na2S4-PC,Na2S4,,PC,-136.71972706906217,59.0,True,False,"[{'Element': 'S', 'Oxidation States': [-0.739, -0.045, -0.044, -0.739]}, {'Element': 'Na', 'Oxidation States': [0.973, 0.973]}]"
Na2S4-PC,Na2S4,,PC,-136.71981831446067,73.0,True,False,"[{'Element': 'S', 'Oxidation States': [-0.739, -0.045, -0.044, -0.739]}, {'Element': 'Na', 'Oxidation States': [0.973, 0.973]}]"
Na2S4-PC,Na2S4,,PC,-136.71983012281734,75.0,True,False,"[{'Element': 'S', 'Oxidation States': [-0.739, -0.045, -0.044, -0.739]}, {'Element': 'Na', 'Oxidation States': [0.973, 0.973]}]"
Na2S4-PC,Na2S4,,PC,-136.719831686898,76.0,True,False,"[{'Element': 'S', 'Oxidation States': [-0.739, -0.045, -0.044, -0.739]}, {'Element': 'Na', 'Oxidation States': [0.973, 0.973]}]"
Na2S4-PC,Na2S4,,PC,-136.7198357239782,77.0,True,False,"[{'Element': 'S', 'Oxidation States': [-0.739, -0.045, -0.044, -0.739]}, {'Element': 'Na', 'Oxidation States': [0.973, 0.973]}]"
Na2S4-PC,Na2S4,,PC,-136.7198502640441,78.0,True,False,"[{'Element': 'S', 'Oxidation States': [-0.739, -0.045, -0.044, -0.739]}, {'Element': 'Na', 'Oxidation States': [0.973, 0.973]}]"
Na2S4-PC,Na2S4,,PC,-136.71987108053403,79.0,True,False,"[{'Element': 'S', 'Oxidation States': [-0.739, -0.045, -0.044, -0.739]}, {'Element': 'Na', 'Oxidation States': [0.973, 0.973]}]"
Na2S4-PC,Na2S4,,PC,-136.71990111130665,80.0,True,False,"[{'Element': 'S', 'Oxidation States': [-0.739, -0.045, -0.044, -0.739]}, {'Element': 'Na', 'Oxidation States': [0.973, 0.973]}]"
Na2S4-PC,Na2S4,,PC,-136.71990217706502,82.0,True,False,"[{'Element': 'S', 'Oxidation States': [-0.739, -0.045, -0.044, -0.739]}, {'Element': 'Na', 'Oxidation States': [0.973, 0.973]}]"
Na2S4-PC,Na2S4,,PC,-136.71990369694925,83.0,True,False,"[{'Element': 'S', 'Oxidation States': [-0.739, -0.045, -0.044, -0.739]}, {'Element': 'Na', 'Oxidation States': [0.973, 0.973]}]"
Na2S4-PC,Na2S4,,PC,-136.7199042625221,84.0,True,False,"[{'Element': 'S', 'Oxidation States': [-0.739, -0.045, -0.044, -0.739]}, {'Element': 'Na', 'Oxidation States': [0.973, 0.973]}]"
Na2S4-PC,Na2S4,,PC,-136.7199067034091,85.0,True,False,"[{'Element': 'S', 'Oxidation States': [-0.739, -0.045, -0.044, -0.739]}, {'Element': 'Na', 'Oxidation States': [0.973, 0.973]}]"
Na2S4-PC,Na2S4,,PC,-136.71990658463562,86.0,True,False,"[{'Element': 'S', 'Oxidation States': [-0.739, -0.045, -0.044, -0.739]}, {'Element': 'Na', 'Oxidation States': [0.973, 0.973]}]"
Na2S4-PC,Na2S4,,PC,-136.7199067329916,87.0,True,False,"[{'Element': 'S', 'Oxidation States': [-0.739, -0.045, -0.044, -0.739]}, {'Element': 'Na', 'Oxidation States': [0.973, 0.973]}]"
Na2S4-PC,Na2S4,,PC,-136.71990673671695,88.0,True,False,"[{'Element': 'S', 'Oxidation States': [-0.739, -0.045, -0.044, -0.739]}, {'Element': 'Na', 'Oxidation States': [0.973, 0.973]}]"
Na2S4-PC,Na2S4,,PC,-136.71982763871875,74.0,True,False,"[{'Element': 'S', 'Oxidation States': [-0.739, -0.045, -0.044, -0.739]}, {'Element': 'Na', 'Oxidation States': [0.973, 0.973]}]"
Na2S4-PC,Na2S4,,PC,-136.71972430464342,58.0,True,False,"[{'Element': 'S', 'Oxidation States': [-0.739, -0.045, -0.044, -0.739]}, {'Element': 'Na', 'Oxidation States': [0.973, 0.973]}]"
Na2S4-PC,Na2S4,,PC,-136.71973338614683,62.0,True,False,"[{'Element': 'S', 'Oxidation States': [-0.739, -0.045, -0.044, -0.739]}, {'Element': 'Na', 'Oxidation States': [0.973, 0.973]}]"
Na2S4-PC,Na2S4,,PC,-136.7197051088479,55.0,True,False,"[{'Element': 'S', 'Oxidation States': [-0.739, -0.045, -0.044, -0.739]}, {'Element': 'Na', 'Oxidation States': [0.973, 0.973]}]"
Na2S4-PC,Na2S4,,PC,-136.71971631261988,57.0,True,False,"[{'Element': 'S', 'Oxidation States': [-0.739, -0.045, -0.044, -0.739]}, {'Element': 'Na', 'Oxidation States': [0.973, 0.973]}]"
Na2S4-PC,Na2S4,,PC,-136.7196896955852,54.0,True,False,"[{'Element': 'S', 'Oxidation States': [-0.739, -0.045, -0.044, -0.739]}, {'Element': 'Na', 'Oxidation States': [0.973, 0.973]}]"
Na2S4-PC,Na2S4,,PC,-136.71967710615047,53.0,True,False,"[{'Element': 'S', 'Oxidation States': [-0.739, -0.045, -0.044, -0.739]}, {'Element': 'Na', 'Oxidation States': [0.973, 0.973]}]"
Na2S4-PC,Na2S4,,PC,-136.71966693521523,52.0,True,False,"[{'Element': 'S', 'Oxidation States': [-0.739, -0.045, -0.044, -0.739]}, {'Element': 'Na', 'Oxidation States': [0.973, 0.973]}]"
Na2S4-PC,Na2S4,,PC,-136.71964729342932,51.0,True,False,"[{'Element': 'S', 'Oxidation States': [-0.739, -0.045, -0.044, -0.739]}, {'Element': 'Na', 'Oxidation States': [0.973, 0.973]}]"
Na2S4-PC,Na2S4,,PC,-136.71971425514255,56.0,True,False,"[{'Element': 'S', 'Oxidation States': [-0.739, -0.045, -0.044, -0.739]}, {'Element': 'Na', 'Oxidation States': [0.973, 0.973]}]"
Na2S4-PC,Na2S4,,PC,-136.71961339559513,49.0,True,False,"[{'Element': 'S', 'Oxidation States': [-0.739, -0.045, -0.044, -0.739]}, {'Element': 'Na', 'Oxidation States': [0.973, 0.973]}]"
Na2S4-PC,Na2S4,,PC,-136.7195977133194,48.0,True,False,"[{'Element': 'S', 'Oxidation States': [-0.739, -0.045, -0.044, -0.739]}, {'Element': 'Na', 'Oxidation States': [0.973, 0.973]}]"
Na2S4-PC,Na2S4,,PC,-136.71958584867963,47.0,True,False,"[{'Element': 'S', 'Oxidation States': [-0.739, -0.045, -0.044, -0.739]}, {'Element': 'Na', 'Oxidation States': [0.973, 0.973]}]"
Na2S4-PC,Na2S4,,PC,-136.7195182034667,46.0,True,False,"[{'Element': 'S', 'Oxidation States': [-0.739, -0.045, -0.044, -0.739]}, {'Element': 'Na', 'Oxidation States': [0.973, 0.973]}]"
Na2S4-PC,Na2S4,,PC,-136.71963049217896,50.0,True,False,"[{'Element': 'S', 'Oxidation States': [-0.739, -0.045, -0.044, -0.739]}, {'Element': 'Na', 'Oxidation States': [0.973, 0.973]}]"
Na2S4-PC-elecmin,Na2S4,,PC,-136.71966355321427,18.0,False,False,"[{'Element': 'S', 'Oxidation States': [-0.732, -0.043, -0.043, -0.733]}, {'Element': 'Na', 'Oxidation States': [0.963, 0.963]}]"
Na2S4-PC-elecmin,Na2S4,,PC,-136.7185502634308,8.0,False,False,"[{'Element': 'S', 'Oxidation States': [-0.732, -0.043, -0.043, -0.733]}, {'Element': 'Na', 'Oxidation States': [0.963, 0.963]}]"
Na2S4-PC-elecmin,Na2S4,,PC,-136.67007287371496,0.0,False,False,"[{'Element': 'S', 'Oxidation States': [-0.732, -0.043, -0.043, -0.733]}, {'Element': 'Na', 'Oxidation States': [0.963, 0.963]}]"
Na2S4-PC-elecmin,Na2S4,,PC,-136.67414323569065,1.0,False,False,"[{'Element': 'S', 'Oxidation States': [-0.732, -0.043, -0.043, -0.733]}, {'Element': 'Na', 'Oxidation States': [0.963, 0.963]}]"
Na2S4-PC-elecmin,Na2S4,,PC,-136.6981602729751,2.0,False,False,"[{'Element': 'S', 'Oxidation States': [-0.732, -0.043, -0.043, -0.733]}, {'Element': 'Na', 'Oxidation States': [0.963, 0.963]}]"
Na2S4-PC-elecmin,Na2S4,,PC,-136.7064609329185,3.0,False,False,"[{'Element': 'S', 'Oxidation States': [-0.732, -0.043, -0.043, -0.733]}, {'Element': 'Na', 'Oxidation States': [0.963, 0.963]}]"
Na2S4-PC-elecmin,Na2S4,,PC,-136.71356958351544,4.0,False,False,"[{'Element': 'S', 'Oxidation States': [-0.732, -0.043, -0.043, -0.733]}, {'Element': 'Na', 'Oxidation States': [0.963, 0.963]}]"
Na2S4-PC-elecmin,Na2S4,,PC,-136.71647690737086,5.0,False,False,"[{'Element': 'S', 'Oxidation States': [-0.732, -0.043, -0.043, -0.733]}, {'Element': 'Na', 'Oxidation States': [0.963, 0.963]}]"
Na2S4-PC-elecmin,Na2S4,,PC,-136.71782444501486,6.0,False,False,"[{'Element': 'S', 'Oxidation States': [-0.732, -0.043, -0.043, -0.733]}, {'Element': 'Na', 'Oxidation States': [0.963, 0.963]}]"
Na2S4-PC-elecmin,Na2S4,,PC,-136.71833579253462,7.0,False,False,"[{'Element': 'S', 'Oxidation States': [-0.732, -0.043, -0.043, -0.733]}, {'Element': 'Na', 'Oxidation States': [0.963, 0.963]}]"
Na2S4-PC-elecmin,Na2S4,,PC,-136.7190280435088,9.0,False,False,"[{'Element': 'S', 'Oxidation States': [-0.732, -0.043, -0.043, -0.733]}, {'Element': 'Na', 'Oxidation States': [0.963, 0.963]}]"
Na2S4-PC-elecmin,Na2S4,,PC,-136.7196959641587,19.0,False,False,"[{'Element': 'S', 'Oxidation States': [-0.732, -0.043, -0.043, -0.733]}, {'Element': 'Na', 'Oxidation States': [0.963, 0.963]}]"
Na2S4-PC-elecmin,Na2S4,,PC,-136.71952057002275,11.0,False,False,"[{'Element': 'S', 'Oxidation States': [-0.732, -0.043, -0.043, -0.733]}, {'Element': 'Na', 'Oxidation States': [0.963, 0.963]}]"
Na2S4-PC-elecmin,Na2S4,,PC,-136.7194523361594,10.0,False,False,"[{'Element': 'S', 'Oxidation States': [-0.732, -0.043, -0.043, -0.733]}, {'Element': 'Na', 'Oxidation States': [0.963, 0.963]}]"
Na2S4-PC-elecmin,Na2S4,,PC,-136.71971939434445,20.0,False,False,"[{'Element': 'S', 'Oxidation States': [-0.732, -0.043, -0.043, -0.733]}, {'Element': 'Na', 'Oxidation States': [0.963, 0.963]}]"
Na2S4-PC-elecmin,Na2S4,,PC,-136.7197551728322,21.0,False,False,"[{'Element': 'S', 'Oxidation States': [-0.732, -0.043, -0.043, -0.733]}, {'Element': 'Na', 'Oxidation States': [0.963, 0.963]}]"
Na2S4-PC-elecmin,Na2S4,,PC,-136.71978238543062,22.0,False,False,"[{'Element': 'S', 'Oxidation States': [-0.732, -0.043, -0.043, -0.733]}, {'Element': 'Na', 'Oxidation States': [0.963, 0.963]}]"
Na2S4-PC-elecmin,Na2S4,,PC,-136.71979433034303,23.0,False,False,"[{'Element': 'S', 'Oxidation States': [-0.732, -0.043, -0.043, -0.733]}, {'Element': 'Na', 'Oxidation States': [0.963, 0.963]}]"
Na2S4-PC-elecmin,Na2S4,,PC,-136.71980971880402,24.0,False,False,"[{'Element': 'S', 'Oxidation States': [-0.732, -0.043, -0.043, -0.733]}, {'Element': 'Na', 'Oxidation States': [0.963, 0.963]}]"
Na2S4-PC-elecmin,Na2S4,,PC,-136.71985778243618,26.0,False,False,"[{'Element': 'S', 'Oxidation States': [-0.732, -0.043, -0.043, -0.733]}, {'Element': 'Na', 'Oxidation States': [0.963, 0.963]}]"
Na2S4-PC-elecmin,Na2S4,,PC,-136.71986600803356,27.0,False,False,"[{'Element': 'S', 'Oxidation States': [-0.732, -0.043, -0.043, -0.733]}, {'Element': 'Na', 'Oxidation States': [0.963, 0.963]}]"
Na2S4-PC-elecmin,Na2S4,,PC,-136.7198691134904,28.0,False,False,"[{'Element': 'S', 'Oxidation States': [-0.732, -0.043, -0.043, -0.733]}, {'Element': 'Na', 'Oxidation States': [0.963, 0.963]}]"
Na2S4-PC-elecmin,Na2S4,,PC,-136.71988273090852,29.0,False,False,"[{'Element': 'S', 'Oxidation States': [-0.732, -0.043, -0.043, -0.733]}, {'Element': 'Na', 'Oxidation States': [0.963, 0.963]}]"
Na2S4-PC-elecmin,Na2S4,,PC,-136.7198287373487,25.0,False,False,"[{'Element': 'S', 'Oxidation States': [-0.732, -0.043, -0.043, -0.733]}, {'Element': 'Na', 'Oxidation States': [0.963, 0.963]}]"
Na2S4-PC-elecmin,Na2S4,,PC,-136.71988810546492,31.0,False,False,"[{'Element': 'S', 'Oxidation States': [-0.732, -0.043, -0.043, -0.733]}, {'Element': 'Na', 'Oxidation States': [0.963, 0.963]}]"
Na2S4-PC-elecmin,Na2S4,,PC,-136.7198950891485,32.0,False,False,"[{'Element': 'S', 'Oxidation States': [-0.732, -0.043, -0.043, -0.733]}, {'Element': 'Na', 'Oxidation States': [0.963, 0.963]}]"
Na2S4-PC-elecmin,Na2S4,,PC,-136.71989509051986,33.0,False,False,"[{'Element': 'S', 'Oxidation States': [-0.732, -0.043, -0.043, -0.733]}, {'Element': 'Na', 'Oxidation States': [0.963, 0.963]}]"
Na2S4-PC-elecmin,Na2S4,,PC,-136.71963569379622,17.0,False,False,"[{'Element': 'S', 'Oxidation States': [-0.732, -0.043, -0.043, -0.733]}, {'Element': 'Na', 'Oxidation States': [0.963, 0.963]}]"
Na2S4-PC-elecmin,Na2S4,,PC,-136.71961795821517,16.0,False,False,"[{'Element': 'S', 'Oxidation States': [-0.732, -0.043, -0.043, -0.733]}, {'Element': 'Na', 'Oxidation States': [0.963, 0.963]}]"
Na2S4-PC-elecmin,Na2S4,,PC,-136.71961479076478,15.0,False,False,"[{'Element': 'S', 'Oxidation States': [-0.732, -0.043, -0.043, -0.733]}, {'Element': 'Na', 'Oxidation States': [0.963, 0.963]}]"
Na2S4-PC-elecmin,Na2S4,,PC,-136.7196060964733,14.0,False,False,"[{'Element': 'S', 'Oxidation States': [-0.732, -0.043, -0.043, -0.733]}, {'Element': 'Na', 'Oxidation States': [0.963, 0.963]}]"
Na2S4-PC-elecmin,Na2S4,,PC,-136.7195957871021,13.0,False,False,"[{'Element': 'S', 'Oxidation States': [-0.732, -0.043, -0.043, -0.733]}, {'Element': 'Na', 'Oxidation States': [0.963, 0.963]}]"
Na2S4-PC-elecmin,Na2S4,,PC,-136.7198859941317,30.0,False,False,"[{'Element': 'S', 'Oxidation States': [-0.732, -0.043, -0.043, -0.733]}, {'Element': 'Na', 'Oxidation States': [0.963, 0.963]}]"
Na2S4-PC-elecmin,Na2S4,,PC,-136.71954691604765,12.0,False,False,"[{'Element': 'S', 'Oxidation States': [-0.732, -0.043, -0.043, -0.733]}, {'Element': 'Na', 'Oxidation States': [0.963, 0.963]}]"
Na2S4-PC-vdw,Na2S4,,PC,-136.73280133197372,57.0,True,True,"[{'Element': 'S', 'Oxidation States': [-0.715, -0.042, -0.048, -0.722]}, {'Element': 'Na', 'Oxidation States': [0.945, 0.946]}]"
Na2S4-PC-vdw,Na2S4,,PC,-136.732712649627,56.0,True,True,"[{'Element': 'S', 'Oxidation States': [-0.715, -0.042, -0.048, -0.722]}, {'Element': 'Na', 'Oxidation States': [0.945, 0.946]}]"
Na2S4-PC-vdw,Na2S4,,PC,-136.73263937506385,55.0,True,True,"[{'Element': 'S', 'Oxidation States': [-0.715, -0.042, -0.048, -0.722]}, {'Element': 'Na', 'Oxidation States': [0.945, 0.946]}]"
Na2S4-PC-vdw,Na2S4,,PC,-136.7326078293627,54.0,True,True,"[{'Element': 'S', 'Oxidation States': [-0.715, -0.042, -0.048, -0.722]}, {'Element': 'Na', 'Oxidation States': [0.945, 0.946]}]"
Na2S4-PC-vdw,Na2S4,,PC,-136.7325618232362,53.0,True,True,"[{'Element': 'S', 'Oxidation States': [-0.715, -0.042, -0.048, -0.722]}, {'Element': 'Na', 'Oxidation States': [0.945, 0.946]}]"
Na2S4-PC-vdw,Na2S4,,PC,-136.73244646703725,49.0,True,True,"[{'Element': 'S', 'Oxidation States': [-0.715, -0.042, -0.048, -0.722]}, {'Element': 'Na', 'Oxidation States': [0.945, 0.946]}]"
Na2S4-PC-vdw,Na2S4,,PC,-136.7325094228177,51.0,True,True,"[{'Element': 'S', 'Oxidation States': [-0.715, -0.042, -0.048, -0.722]}, {'Element': 'Na', 'Oxidation States': [0.945, 0.946]}]"
Na2S4-PC-vdw,Na2S4,,PC,-136.73250959681758,50.0,True,True,"[{'Element': 'S', 'Oxidation States': [-0.715, -0.042, -0.048, -0.722]}, {'Element': 'Na', 'Oxidation States': [0.945, 0.946]}]"
Na2S4-PC-vdw,Na2S4,,PC,-136.7328136812013,58.0,True,True,"[{'Element': 'S', 'Oxidation States': [-0.715, -0.042, -0.048, -0.722]}, {'Element': 'Na', 'Oxidation States': [0.945, 0.946]}]"
Na2S4-PC-vdw,Na2S4,,PC,-136.732377894882,48.0,True,True,"[{'Element': 'S', 'Oxidation States': [-0.715, -0.042, -0.048, -0.722]}, {'Element': 'Na', 'Oxidation States': [0.945, 0.946]}]"
Na2S4-PC-vdw,Na2S4,,PC,-136.73255315084822,52.0,True,True,"[{'Element': 'S', 'Oxidation States': [-0.715, -0.042, -0.048, -0.722]}, {'Element': 'Na', 'Oxidation States': [0.945, 0.946]}]"
Na2S4-PC-vdw,Na2S4,,PC,-136.73282484774938,59.0,True,True,"[{'Element': 'S', 'Oxidation States': [-0.715, -0.042, -0.048, -0.722]}, {'Element': 'Na', 'Oxidation States': [0.945, 0.946]}]"
Na2S4-PC-vdw,Na2S4,,PC,-136.73297297493409,70.0,True,True,"[{'Element': 'S', 'Oxidation States': [-0.715, -0.042, -0.048, -0.722]}, {'Element': 'Na', 'Oxidation States': [0.945, 0.946]}]"
Na2S4-PC-vdw,Na2S4,,PC,-136.73284411841163,61.0,True,True,"[{'Element': 'S', 'Oxidation States': [-0.715, -0.042, -0.048, -0.722]}, {'Element': 'Na', 'Oxidation States': [0.945, 0.946]}]"
Na2S4-PC-vdw,Na2S4,,PC,-136.73285743791905,62.0,True,True,"[{'Element': 'S', 'Oxidation States': [-0.715, -0.042, -0.048, -0.722]}, {'Element': 'Na', 'Oxidation States': [0.945, 0.946]}]"
Na2S4-PC-vdw,Na2S4,,PC,-136.73289575191893,63.0,True,True,"[{'Element': 'S', 'Oxidation States': [-0.715, -0.042, -0.048, -0.722]}, {'Element': 'Na', 'Oxidation States': [0.945, 0.946]}]"
Na2S4-PC-vdw,Na2S4,,PC,-136.73290320879437,64.0,True,True,"[{'Element': 'S', 'Oxidation States': [-0.715, -0.042, -0.048, -0.722]}, {'Element': 'Na', 'Oxidation States': [0.945, 0.946]}]"
Na2S4-PC-vdw,Na2S4,,PC,-136.73291681766446,65.0,True,True,"[{'Element': 'S', 'Oxidation States': [-0.715, -0.042, -0.048, -0.722]}, {'Element': 'Na', 'Oxidation States': [0.945, 0.946]}]"
Na2S4-PC-vdw,Na2S4,,PC,-136.73293625994052,66.0,True,True,"[{'Element': 'S', 'Oxidation States': [-0.715, -0.042, -0.048, -0.722]}, {'Element': 'Na', 'Oxidation States': [0.945, 0.946]}]"
Na2S4-PC-vdw,Na2S4,,PC,-136.73294888412642,67.0,True,True,"[{'Element': 'S', 'Oxidation States': [-0.715, -0.042, -0.048, -0.722]}, {'Element': 'Na', 'Oxidation States': [0.945, 0.946]}]"
Na2S4-PC-vdw,Na2S4,,PC,-136.73296274071598,68.0,True,True,"[{'Element': 'S', 'Oxidation States': [-0.715, -0.042, -0.048, -0.722]}, {'Element': 'Na', 'Oxidation States': [0.945, 0.946]}]"
Na2S4-PC-vdw,Na2S4,,PC,-136.73297291168603,69.0,True,True,"[{'Element': 'S', 'Oxidation States': [-0.715, -0.042, -0.048, -0.722]}, {'Element': 'Na', 'Oxidation States': [0.945, 0.946]}]"
Na2S4-PC-vdw,Na2S4,,PC,-136.73297371806615,71.0,True,True,"[{'Element': 'S', 'Oxidation States': [-0.715, -0.042, -0.048, -0.722]}, {'Element': 'Na', 'Oxidation States': [0.945, 0.946]}]"
Na2S4-PC-vdw,Na2S4,,PC,-136.7323696130096,47.0,True,True,"[{'Element': 'S', 'Oxidation States': [-0.715, -0.042, -0.048, -0.722]}, {'Element': 'Na', 'Oxidation States': [0.945, 0.946]}]"
Na2S4-PC-vdw,Na2S4,,PC,-136.73283654825238,60.0,True,True,"[{'Element': 'S', 'Oxidation States': [-0.715, -0.042, -0.048, -0.722]}, {'Element': 'Na', 'Oxidation States': [0.945, 0.946]}]"
Na2S4-PC-vdw,Na2S4,,PC,-136.73235280305047,46.0,True,True,"[{'Element': 'S', 'Oxidation States': [-0.715, -0.042, -0.048, -0.722]}, {'Element': 'Na', 'Oxidation States': [0.945, 0.946]}]"
Na2S4-PC-vdw,Na2S4,,PC,-136.73081910628986,23.0,True,True,"[{'Element': 'S', 'Oxidation States': [-0.715, -0.042, -0.048, -0.722]}, {'Element': 'Na', 'Oxidation States': [0.945, 0.946]}]"
Na2S4-PC-vdw,Na2S4,,PC,-136.732305626393,44.0,True,True,"[{'Element': 'S', 'Oxidation States': [-0.715, -0.042, -0.048, -0.722]}, {'Element': 'Na', 'Oxidation States': [0.945, 0.946]}]"
Na2S4-PC-vdw,Na2S4,,PC,-136.73068905104589,19.0,True,True,"[{'Element': 'S', 'Oxidation States': [-0.715, -0.042, -0.048, -0.722]}, {'Element': 'Na', 'Oxidation States': [0.945, 0.946]}]"
Na2S4-PC-vdw,Na2S4,,PC,-136.73065047164312,18.0,True,True,"[{'Element': 'S', 'Oxidation States': [-0.715, -0.042, -0.048, -0.722]}, {'Element': 'Na', 'Oxidation States': [0.945, 0.946]}]"
Na2S4-PC-vdw,Na2S4,,PC,-136.73064019019952,17.0,True,True,"[{'Element': 'S', 'Oxidation States': [-0.715, -0.042, -0.048, -0.722]}, {'Element': 'Na', 'Oxidation States': [0.945, 0.946]}]"
Na2S4-PC-vdw,Na2S4,,PC,-136.73056187746016,16.0,True,True,"[{'Element': 'S', 'Oxidation States': [-0.715, -0.042, -0.048, -0.722]}, {'Element': 'Na', 'Oxidation States': [0.945, 0.946]}]"
Na2S4-PC-vdw,Na2S4,,PC,-136.73045162046475,15.0,True,True,"[{'Element': 'S', 'Oxidation States': [-0.715, -0.042, -0.048, -0.722]}, {'Element': 'Na', 'Oxidation States': [0.945, 0.946]}]"
Na2S4-PC-vdw,Na2S4,,PC,-136.7301149437803,14.0,True,True,"[{'Element': 'S', 'Oxidation States': [-0.715, -0.042, -0.048, -0.722]}, {'Element': 'Na', 'Oxidation States': [0.945, 0.946]}]"
Na2S4-PC-vdw,Na2S4,,PC,-136.7300340335676,13.0,True,True,"[{'Element': 'S', 'Oxidation States': [-0.715, -0.042, -0.048, -0.722]}, {'Element': 'Na', 'Oxidation States': [0.945, 0.946]}]"
Na2S4-PC-vdw,Na2S4,,PC,-136.72964099462854,12.0,True,True,"[{'Element': 'S', 'Oxidation States': [-0.715, -0.042, -0.048, -0.722]}, {'Element': 'Na', 'Oxidation States': [0.945, 0.946]}]"
Na2S4-PC-vdw,Na2S4,,PC,-136.72950787719694,11.0,True,True,"[{'Element': 'S', 'Oxidation States': [-0.715, -0.042, -0.048, -0.722]}, {'Element': 'Na', 'Oxidation States': [0.945, 0.946]}]"
Na2S4-PC-vdw,Na2S4,,PC,-136.73071813973598,20.0,True,True,"[{'Element': 'S', 'Oxidation States': [-0.715, -0.042, -0.048, -0.722]}, {'Element': 'Na', 'Oxidation States': [0.945, 0.946]}]"
Na2S4-PC-vdw,Na2S4,,PC,-136.72935876619306,9.0,True,True,"[{'Element': 'S', 'Oxidation States': [-0.715, -0.042, -0.048, -0.722]}, {'Element': 'Na', 'Oxidation States': [0.945, 0.946]}]"
Na2S4-PC-vdw,Na2S4,,PC,-136.72890319927674,7.0,True,True,"[{'Element': 'S', 'Oxidation States': [-0.715, -0.042, -0.048, -0.722]}, {'Element': 'Na', 'Oxidation States': [0.945, 0.946]}]"
Na2S4-PC-vdw,Na2S4,,PC,-136.72817128891472,6.0,True,True,"[{'Element': 'S', 'Oxidation States': [-0.715, -0.042, -0.048, -0.722]}, {'Element': 'Na', 'Oxidation States': [0.945, 0.946]}]"
Na2S4-PC-vdw,Na2S4,,PC,-136.72813112119437,5.0,True,True,"[{'Element': 'S', 'Oxidation States': [-0.715, -0.042, -0.048, -0.722]}, {'Element': 'Na', 'Oxidation States': [0.945, 0.946]}]"
Na2S4-PC-vdw,Na2S4,,PC,-136.71299873247887,4.0,True,True,"[{'Element': 'S', 'Oxidation States': [-0.715, -0.042, -0.048, -0.722]}, {'Element': 'Na', 'Oxidation States': [0.945, 0.946]}]"
Na2S4-PC-vdw,Na2S4,,PC,-136.70836190847524,3.0,True,True,"[{'Element': 'S', 'Oxidation States': [-0.715, -0.042, -0.048, -0.722]}, {'Element': 'Na', 'Oxidation States': [0.945, 0.946]}]"
Na2S4-PC-vdw,Na2S4,,PC,-136.7081812685658,2.0,True,True,"[{'Element': 'S', 'Oxidation States': [-0.715, -0.042, -0.048, -0.722]}, {'Element': 'Na', 'Oxidation States': [0.945, 0.946]}]"
Na2S4-PC-vdw,Na2S4,,PC,-136.7041907166241,1.0,True,True,"[{'Element': 'S', 'Oxidation States': [-0.715, -0.042, -0.048, -0.722]}, {'Element': 'Na', 'Oxidation States': [0.945, 0.946]}]"
Na2S4-PC-vdw,Na2S4,,PC,-136.67430291140045,0.0,True,True,"[{'Element': 'S', 'Oxidation States': [-0.715, -0.042, -0.048, -0.722]}, {'Element': 'Na', 'Oxidation States': [0.945, 0.946]}]"
Na2S4-PC-vdw,Na2S4,,PC,-136.73233600770834,45.0,True,True,"[{'Element': 'S', 'Oxidation States': [-0.715, -0.042, -0.048, -0.722]}, {'Element': 'Na', 'Oxidation States': [0.945, 0.946]}]"
Na2S4-PC-vdw,Na2S4,,PC,-136.72922117691314,8.0,True,True,"[{'Element': 'S', 'Oxidation States': [-0.715, -0.042, -0.048, -0.722]}, {'Element': 'Na', 'Oxidation States': [0.945, 0.946]}]"
Na2S4-PC-vdw,Na2S4,,PC,-136.73074621342357,21.0,True,True,"[{'Element': 'S', 'Oxidation States': [-0.715, -0.042, -0.048, -0.722]}, {'Element': 'Na', 'Oxidation States': [0.945, 0.946]}]"
Na2S4-PC-vdw,Na2S4,,PC,-136.7294171540713,10.0,True,True,"[{'Element': 'S', 'Oxidation States': [-0.715, -0.042, -0.048, -0.722]}, {'Element': 'Na', 'Oxidation States': [0.945, 0.946]}]"
Na2S4-PC-vdw,Na2S4,,PC,-136.74290865697952,37.0,True,True,"[{'Element': 'S', 'Oxidation States': [-0.715, -0.042, -0.048, -0.722]}, {'Element': 'Na', 'Oxidation States': [0.945, 0.946]}]"
Na2S4-PC-vdw,Na2S4,,PC,-136.73077475918078,22.0,True,True,"[{'Element': 'S', 'Oxidation States': [-0.715, -0.042, -0.048, -0.722]}, {'Element': 'Na', 'Oxidation States': [0.945, 0.946]}]"
Na2S4-PC-vdw,Na2S4,,PC,-136.73226647665822,42.0,True,True,"[{'Element': 'S', 'Oxidation States': [-0.715, -0.042, -0.048, -0.722]}, {'Element': 'Na', 'Oxidation States': [0.945, 0.946]}]"
Na2S4-PC-vdw,Na2S4,,PC,-136.73218285233537,41.0,True,True,"[{'Element': 'S', 'Oxidation States': [-0.715, -0.042, -0.048, -0.722]}, {'Element': 'Na', 'Oxidation States': [0.945, 0.946]}]"
Na2S4-PC-vdw,Na2S4,,PC,-136.73202949816172,40.0,True,True,"[{'Element': 'S', 'Oxidation States': [-0.715, -0.042, -0.048, -0.722]}, {'Element': 'Na', 'Oxidation States': [0.945, 0.946]}]"
Na2S4-PC-vdw,Na2S4,,PC,-136.73194674430067,39.0,True,True,"[{'Element': 'S', 'Oxidation States': [-0.715, -0.042, -0.048, -0.722]}, {'Element': 'Na', 'Oxidation States': [0.945, 0.946]}]"
Na2S4-PC-vdw,Na2S4,,PC,-136.73147335808926,38.0,True,True,"[{'Element': 'S', 'Oxidation States': [-0.715, -0.042, -0.048, -0.722]}, {'Element': 'Na', 'Oxidation States': [0.945, 0.946]}]"
Na2S4-PC-vdw,Na2S4,,PC,-136.73127062113798,36.0,True,True,"[{'Element': 'S', 'Oxidation States': [-0.715, -0.042, -0.048, -0.722]}, {'Element': 'Na', 'Oxidation States': [0.945, 0.946]}]"
Na2S4-PC-vdw,Na2S4,,PC,-136.7312699058549,35.0,True,True,"[{'Element': 'S', 'Oxidation States': [-0.715, -0.042, -0.048, -0.722]}, {'Element': 'Na', 'Oxidation States': [0.945, 0.946]}]"
Na2S4-PC-vdw,Na2S4,,PC,-136.73118794198007,33.0,True,True,"[{'Element': 'S', 'Oxidation States': [-0.715, -0.042, -0.048, -0.722]}, {'Element': 'Na', 'Oxidation States': [0.945, 0.946]}]"
Na2S4-PC-vdw,Na2S4,,PC,-136.7312180999808,34.0,True,True,"[{'Element': 'S', 'Oxidation States': [-0.715, -0.042, -0.048, -0.722]}, {'Element': 'Na', 'Oxidation States': [0.945, 0.946]}]"
Na2S4-PC-vdw,Na2S4,,PC,-136.73115658565843,32.0,True,True,"[{'Element': 'S', 'Oxidation States': [-0.715, -0.042, -0.048, -0.722]}, {'Element': 'Na', 'Oxidation States': [0.945, 0.946]}]"
Na2S4-PC-vdw,Na2S4,,PC,-136.73112118295623,31.0,True,True,"[{'Element': 'S', 'Oxidation States': [-0.715, -0.042, -0.048, -0.722]}, {'Element': 'Na', 'Oxidation States': [0.945, 0.946]}]"
Na2S4-PC-vdw,Na2S4,,PC,-136.73105583223855,30.0,True,True,"[{'Element': 'S', 'Oxidation States': [-0.715, -0.042, -0.048, -0.722]}, {'Element': 'Na', 'Oxidation States': [0.945, 0.946]}]"
Na2S4-PC-vdw,Na2S4,,PC,-136.73103073655886,29.0,True,True,"[{'Element': 'S', 'Oxidation States': [-0.715, -0.042, -0.048, -0.722]}, {'Element': 'Na', 'Oxidation States': [0.945, 0.946]}]"
Na2S4-PC-vdw,Na2S4,,PC,-136.73102667065322,28.0,True,True,"[{'Element': 'S', 'Oxidation States': [-0.715, -0.042, -0.048, -0.722]}, {'Element': 'Na', 'Oxidation States': [0.945, 0.946]}]"
Na2S4-PC-vdw,Na2S4,,PC,-136.7309964485196,27.0,True,True,"[{'Element': 'S', 'Oxidation States': [-0.715, -0.042, -0.048, -0.722]}, {'Element': 'Na', 'Oxidation States': [0.945, 0.946]}]"
Na2S4-PC-vdw,Na2S4,,PC,-136.73095974321353,26.0,True,True,"[{'Element': 'S', 'Oxidation States': [-0.715, -0.042, -0.048, -0.722]}, {'Element': 'Na', 'Oxidation States': [0.945, 0.946]}]"
Na2S4-PC-vdw,Na2S4,,PC,-136.73092203687833,25.0,True,True,"[{'Element': 'S', 'Oxidation States': [-0.715, -0.042, -0.048, -0.722]}, {'Element': 'Na', 'Oxidation States': [0.945, 0.946]}]"
Na2S4-PC-vdw,Na2S4,,PC,-136.73086411472073,24.0,True,True,"[{'Element': 'S', 'Oxidation States': [-0.715, -0.042, -0.048, -0.722]}, {'Element': 'Na', 'Oxidation States': [0.945, 0.946]}]"
Na2S4-PC-vdw,Na2S4,,PC,-136.73228256619444,43.0,True,True,"[{'Element': 'S', 'Oxidation States': [-0.715, -0.042, -0.048, -0.722]}, {'Element': 'Na', 'Oxidation States': [0.945, 0.946]}]"
Na2S4-PC-vdw-elecmin,Na2S4,,PC,-136.73312991146977,4.0,False,True,"[{'Element': 'S', 'Oxidation States': [-0.72, -0.043, -0.046, -0.721]}, {'Element': 'Na', 'Oxidation States': [0.95, 0.95]}]"
Na2S4-PC-vdw-elecmin,Na2S4,,PC,-136.7331085628134,2.0,False,True,"[{'Element': 'S', 'Oxidation States': [-0.72, -0.043, -0.046, -0.721]}, {'Element': 'Na', 'Oxidation States': [0.95, 0.95]}]"
Na2S4-PC-vdw-elecmin,Na2S4,,PC,-136.7331144485967,3.0,False,True,"[{'Element': 'S', 'Oxidation States': [-0.72, -0.043, -0.046, -0.721]}, {'Element': 'Na', 'Oxidation States': [0.95, 0.95]}]"
Na2S4-PC-vdw-elecmin,Na2S4,,PC,-136.73314660227842,5.0,False,True,"[{'Element': 'S', 'Oxidation States': [-0.72, -0.043, -0.046, -0.721]}, {'Element': 'Na', 'Oxidation States': [0.95, 0.95]}]"
Na2S4-PC-vdw-elecmin,Na2S4,,PC,-136.73329450088903,9.0,False,True,"[{'Element': 'S', 'Oxidation States': [-0.72, -0.043, -0.046, -0.721]}, {'Element': 'Na', 'Oxidation States': [0.95, 0.95]}]"
Na2S4-PC-vdw-elecmin,Na2S4,,PC,-136.7332907750657,7.0,False,True,"[{'Element': 'S', 'Oxidation States': [-0.72, -0.043, -0.046, -0.721]}, {'Element': 'Na', 'Oxidation States': [0.95, 0.95]}]"
Na2S4-PC-vdw-elecmin,Na2S4,,PC,-136.73329448550163,8.0,False,True,"[{'Element': 'S', 'Oxidation States': [-0.72, -0.043, -0.046, -0.721]}, {'Element': 'Na', 'Oxidation States': [0.95, 0.95]}]"
Na2S4-PC-vdw-elecmin,Na2S4,,PC,-136.73329457265282,10.0,False,True,"[{'Element': 'S', 'Oxidation States': [-0.72, -0.043, -0.046, -0.721]}, {'Element': 'Na', 'Oxidation States': [0.95, 0.95]}]"
Na2S4-PC-vdw-elecmin,Na2S4,,PC,-136.7330572864435,1.0,False,True,"[{'Element': 'S', 'Oxidation States': [-0.72, -0.043, -0.046, -0.721]}, {'Element': 'Na', 'Oxidation States': [0.95, 0.95]}]"
Na2S4-PC-vdw-elecmin,Na2S4,,PC,-136.7332459878288,6.0,False,True,"[{'Element': 'S', 'Oxidation States': [-0.72, -0.043, -0.046, -0.721]}, {'Element': 'Na', 'Oxidation States': [0.95, 0.95]}]"
Na2S4-PC-vdw-elecmin,Na2S4,,PC,-136.73297371906202,0.0,False,True,"[{'Element': 'S', 'Oxidation States': [-0.72, -0.043, -0.046, -0.721]}, {'Element': 'Na', 'Oxidation States': [0.95, 0.95]}]"
Na2S4-elecmin,Na2S4,,Vacuum,-136.5304732228165,0.0,False,False,"[{'Element': 'S', 'Oxidation States': [-0.583, 0.005, 0.004, -0.583]}, {'Element': 'Na', 'Oxidation States': [0.765, 0.765]}]"
Na2S4-glyme,Na2S4,,Glyme,-136.57137118568752,1.0,True,False,"[{'Element': 'S', 'Oxidation States': [-0.633, -0.019, -0.02, -0.634]}, {'Element': 'Na', 'Oxidation States': [0.839, 0.84]}]"
Na2S4-glyme,Na2S4,,Glyme,-136.5737173025978,11.0,True,False,"[{'Element': 'S', 'Oxidation States': [-0.633, -0.019, -0.02, -0.634]}, {'Element': 'Na', 'Oxidation States': [0.839, 0.84]}]"
Na2S4-glyme,Na2S4,,Glyme,-136.57220327623352,2.0,True,False,"[{'Element': 'S', 'Oxidation States': [-0.633, -0.019, -0.02, -0.634]}, {'Element': 'Na', 'Oxidation States': [0.839, 0.84]}]"
Na2S4-glyme,Na2S4,,Glyme,-136.5727068041817,3.0,True,False,"[{'Element': 'S', 'Oxidation States': [-0.633, -0.019, -0.02, -0.634]}, {'Element': 'Na', 'Oxidation States': [0.839, 0.84]}]"
Na2S4-glyme,Na2S4,,Glyme,-136.57289819580706,4.0,True,False,"[{'Element': 'S', 'Oxidation States': [-0.633, -0.019, -0.02, -0.634]}, {'Element': 'Na', 'Oxidation States': [0.839, 0.84]}]"
Na2S4-glyme,Na2S4,,Glyme,-136.57350757748412,5.0,True,False,"[{'Element': 'S', 'Oxidation States': [-0.633, -0.019, -0.02, -0.634]}, {'Element': 'Na', 'Oxidation States': [0.839, 0.84]}]"
Na2S4-glyme,Na2S4,,Glyme,-136.57359576365525,6.0,True,False,"[{'Element': 'S', 'Oxidation States': [-0.633, -0.019, -0.02, -0.634]}, {'Element': 'Na', 'Oxidation States': [0.839, 0.84]}]"
Na2S4-glyme,Na2S4,,Glyme,-136.57362451126914,7.0,True,False,"[{'Element': 'S', 'Oxidation States': [-0.633, -0.019, -0.02, -0.634]}, {'Element': 'Na', 'Oxidation States': [0.839, 0.84]}]"
Na2S4-glyme,Na2S4,,Glyme,-136.57365076959255,8.0,True,False,"[{'Element': 'S', 'Oxidation States': [-0.633, -0.019, -0.02, -0.634]}, {'Element': 'Na', 'Oxidation States': [0.839, 0.84]}]"
Na2S4-glyme,Na2S4,,Glyme,-136.5736742743971,9.0,True,False,"[{'Element': 'S', 'Oxidation States': [-0.633, -0.019, -0.02, -0.634]}, {'Element': 'Na', 'Oxidation States': [0.839, 0.84]}]"
Na2S4-glyme,Na2S4,,Glyme,-136.57369505167463,10.0,True,False,"[{'Element': 'S', 'Oxidation States': [-0.633, -0.019, -0.02, -0.634]}, {'Element': 'Na', 'Oxidation States': [0.839, 0.84]}]"
Na2S4-glyme,Na2S4,,Glyme,-136.57085371324573,0.0,True,False,"[{'Element': 'S', 'Oxidation States': [-0.633, -0.019, -0.02, -0.634]}, {'Element': 'Na', 'Oxidation States': [0.839, 0.84]}]"
Na2S4-glyme,Na2S4,,Glyme,-136.5737315067745,12.0,True,False,"[{'Element': 'S', 'Oxidation States': [-0.633, -0.019, -0.02, -0.634]}, {'Element': 'Na', 'Oxidation States': [0.839, 0.84]}]"
Na2S4-glyme,Na2S4,,Glyme,-136.5737911589601,25.0,True,False,"[{'Element': 'S', 'Oxidation States': [-0.633, -0.019, -0.02, -0.634]}, {'Element': 'Na', 'Oxidation States': [0.839, 0.84]}]"
Na2S4-glyme,Na2S4,,Glyme,-136.57374993312098,14.0,True,False,"[{'Element': 'S', 'Oxidation States': [-0.633, -0.019, -0.02, -0.634]}, {'Element': 'Na', 'Oxidation States': [0.839, 0.84]}]"
Na2S4-glyme,Na2S4,,Glyme,-136.57374169693642,13.0,True,False,"[{'Element': 'S', 'Oxidation States': [-0.633, -0.019, -0.02, -0.634]}, {'Element': 'Na', 'Oxidation States': [0.839, 0.84]}]"
Na2S4-glyme,Na2S4,,Glyme,-136.57379304449137,27.0,True,False,"[{'Element': 'S', 'Oxidation States': [-0.633, -0.019, -0.02, -0.634]}, {'Element': 'Na', 'Oxidation States': [0.839, 0.84]}]"
Na2S4-glyme,Na2S4,,Glyme,-136.57379210084883,26.0,True,False,"[{'Element': 'S', 'Oxidation States': [-0.633, -0.019, -0.02, -0.634]}, {'Element': 'Na', 'Oxidation States': [0.839, 0.84]}]"
Na2S4-glyme,Na2S4,,Glyme,-136.57378949047876,24.0,True,False,"[{'Element': 'S', 'Oxidation States': [-0.633, -0.019, -0.02, -0.634]}, {'Element': 'Na', 'Oxidation States': [0.839, 0.84]}]"
Na2S4-glyme,Na2S4,,Glyme,-136.57378523170576,22.0,True,False,"[{'Element': 'S', 'Oxidation States': [-0.633, -0.019, -0.02, -0.634]}, {'Element': 'Na', 'Oxidation States': [0.839, 0.84]}]"
Na2S4-glyme,Na2S4,,Glyme,-136.57378403938858,21.0,True,False,"[{'Element': 'S', 'Oxidation States': [-0.633, -0.019, -0.02, -0.634]}, {'Element': 'Na', 'Oxidation States': [0.839, 0.84]}]"
Na2S4-glyme,Na2S4,,Glyme,-136.57378686514608,23.0,True,False,"[{'Element': 'S', 'Oxidation States': [-0.633, -0.019, -0.02, -0.634]}, {'Element': 'Na', 'Oxidation States': [0.839, 0.84]}]"
Na2S4-glyme,Na2S4,,Glyme,-136.57377982058486,19.0,True,False,"[{'Element': 'S', 'Oxidation States': [-0.633, -0.019, -0.02, -0.634]}, {'Element': 'Na', 'Oxidation States': [0.839, 0.84]}]"
Na2S4-glyme,Na2S4,,Glyme,-136.57377660677236,18.0,True,False,"[{'Element': 'S', 'Oxidation States': [-0.633, -0.019, -0.02, -0.634]}, {'Element': 'Na', 'Oxidation States': [0.839, 0.84]}]"
Na2S4-glyme,Na2S4,,Glyme,-136.5737712360537,17.0,True,False,"[{'Element': 'S', 'Oxidation States': [-0.633, -0.019, -0.02, -0.634]}, {'Element': 'Na', 'Oxidation States': [0.839, 0.84]}]"
Na2S4-glyme,Na2S4,,Glyme,-136.57376281806563,16.0,True,False,"[{'Element': 'S', 'Oxidation States': [-0.633, -0.019, -0.02, -0.634]}, {'Element': 'Na', 'Oxidation States': [0.839, 0.84]}]"
Na2S4-glyme,Na2S4,,Glyme,-136.57375481709911,15.0,True,False,"[{'Element': 'S', 'Oxidation States': [-0.633, -0.019, -0.02, -0.634]}, {'Element': 'Na', 'Oxidation States': [0.839, 0.84]}]"
Na2S4-glyme,Na2S4,,Glyme,-136.57378207305257,20.0,True,False,"[{'Element': 'S', 'Oxidation States': [-0.633, -0.019, -0.02, -0.634]}, {'Element': 'Na', 'Oxidation States': [0.839, 0.84]}]"
Na2S4-glyme-elecmin,Na2S4,,Glyme,-136.57377884674077,8.0,False,False,"[{'Element': 'S', 'Oxidation States': [-0.633, -0.018, -0.02, -0.635]}, {'Element': 'Na', 'Oxidation States': [0.839, 0.84]}]"
Na2S4-glyme-elecmin,Na2S4,,Glyme,-136.5737877312873,11.0,False,False,"[{'Element': 'S', 'Oxidation States': [-0.633, -0.018, -0.02, -0.635]}, {'Element': 'Na', 'Oxidation States': [0.839, 0.84]}]"
Na2S4-glyme-elecmin,Na2S4,,Glyme,-136.573785363063,10.0,False,False,"[{'Element': 'S', 'Oxidation States': [-0.633, -0.018, -0.02, -0.635]}, {'Element': 'Na', 'Oxidation States': [0.839, 0.84]}]"
Na2S4-glyme-elecmin,Na2S4,,Glyme,-136.57378154261096,9.0,False,False,"[{'Element': 'S', 'Oxidation States': [-0.633, -0.018, -0.02, -0.635]}, {'Element': 'Na', 'Oxidation States': [0.839, 0.84]}]"
Na2S4-glyme-elecmin,Na2S4,,Glyme,-136.5737662553625,7.0,False,False,"[{'Element': 'S', 'Oxidation States': [-0.633, -0.018, -0.02, -0.635]}, {'Element': 'Na', 'Oxidation States': [0.839, 0.84]}]"
Na2S4-glyme-elecmin,Na2S4,,Glyme,-136.57060911006388,0.0,False,False,"[{'Element': 'S', 'Oxidation States': [-0.633, -0.018, -0.02, -0.635]}, {'Element': 'Na', 'Oxidation States': [0.839, 0.84]}]"
Na2S4-glyme-elecmin,Na2S4,,Glyme,-136.5737068291212,5.0,False,False,"[{'Element': 'S', 'Oxidation States': [-0.633, -0.018, -0.02, -0.635]}, {'Element': 'Na', 'Oxidation States': [0.839, 0.84]}]"
Na2S4-glyme-elecmin,Na2S4,,Glyme,-136.57364098886794,4.0,False,False,"[{'Element': 'S', 'Oxidation States': [-0.633, -0.018, -0.02, -0.635]}, {'Element': 'Na', 'Oxidation States': [0.839, 0.84]}]"
Na2S4-glyme-elecmin,Na2S4,,Glyme,-136.57347652076288,3.0,False,False,"[{'Element': 'S', 'Oxidation States': [-0.633, -0.018, -0.02, -0.635]}, {'Element': 'Na', 'Oxidation States': [0.839, 0.84]}]"
Na2S4-glyme-elecmin,Na2S4,,Glyme,-136.57316178518914,2.0,False,False,"[{'Element': 'S', 'Oxidation States': [-0.633, -0.018, -0.02, -0.635]}, {'Element': 'Na', 'Oxidation States': [0.839, 0.84]}]"
Na2S4-glyme-elecmin,Na2S4,,Glyme,-136.57108382108916,1.0,False,False,"[{'Element': 'S', 'Oxidation States': [-0.633, -0.018, -0.02, -0.635]}, {'Element': 'Na', 'Oxidation States': [0.839, 0.84]}]"
Na2S4-glyme-elecmin,Na2S4,,Glyme,-136.57378900960845,12.0,False,False,"[{'Element': 'S', 'Oxidation States': [-0.633, -0.018, -0.02, -0.635]}, {'Element': 'Na', 'Oxidation States': [0.839, 0.84]}]"
Na2S4-glyme-elecmin,Na2S4,,Glyme,-136.5737539126842,6.0,False,False,"[{'Element': 'S', 'Oxidation States': [-0.633, -0.018, -0.02, -0.635]}, {'Element': 'Na', 'Oxidation States': [0.839, 0.84]}]"
Na2S4-glyme-elecmin,Na2S4,,Glyme,-136.57378967410017,13.0,False,False,"[{'Element': 'S', 'Oxidation States': [-0.633, -0.018, -0.02, -0.635]}, {'Element': 'Na', 'Oxidation States': [0.839, 0.84]}]"
Na2S4-glyme-vdw,Na2S4,,Glyme,-136.578763307817,4.0,True,True,"[{'Element': 'S', 'Oxidation States': [-0.634, -0.021, -0.022, -0.634]}, {'Element': 'Na', 'Oxidation States': [0.842, 0.842]}]"
Na2S4-glyme-vdw,Na2S4,,Glyme,-136.5790143132111,8.0,True,True,"[{'Element': 'S', 'Oxidation States': [-0.634, -0.021, -0.022, -0.634]}, {'Element': 'Na', 'Oxidation States': [0.842, 0.842]}]"
Na2S4-glyme-vdw,Na2S4,,Glyme,-136.575083663983,0.0,True,True,"[{'Element': 'S', 'Oxidation States': [-0.634, -0.021, -0.022, -0.634]}, {'Element': 'Na', 'Oxidation States': [0.842, 0.842]}]"
Na2S4-glyme-vdw,Na2S4,,Glyme,-136.5817887750858,1.0,True,True,"[{'Element': 'S', 'Oxidation States': [-0.634, -0.021, -0.022, -0.634]}, {'Element': 'Na', 'Oxidation States': [0.842, 0.842]}]"
Na2S4-glyme-vdw,Na2S4,,Glyme,-136.57798627039392,2.0,True,True,"[{'Element': 'S', 'Oxidation States': [-0.634, -0.021, -0.022, -0.634]}, {'Element': 'Na', 'Oxidation States': [0.842, 0.842]}]"
Na2S4-glyme-vdw,Na2S4,,Glyme,-136.57836053403653,3.0,True,True,"[{'Element': 'S', 'Oxidation States': [-0.634, -0.021, -0.022, -0.634]}, {'Element': 'Na', 'Oxidation States': [0.842, 0.842]}]"
Na2S4-glyme-vdw,Na2S4,,Glyme,-136.5789661336002,5.0,True,True,"[{'Element': 'S', 'Oxidation States': [-0.634, -0.021, -0.022, -0.634]}, {'Element': 'Na', 'Oxidation States': [0.842, 0.842]}]"
Na2S4-glyme-vdw,Na2S4,,Glyme,-136.5789804274791,6.0,True,True,"[{'Element': 'S', 'Oxidation States': [-0.634, -0.021, -0.022, -0.634]}, {'Element': 'Na', 'Oxidation States': [0.842, 0.842]}]"
Na2S4-glyme-vdw,Na2S4,,Glyme,-136.57900542771654,7.0,True,True,"[{'Element': 'S', 'Oxidation States': [-0.634, -0.021, -0.022, -0.634]}, {'Element': 'Na', 'Oxidation States': [0.842, 0.842]}]"
Na2S4-glyme-vdw,Na2S4,,Glyme,-136.57902570755738,13.0,True,True,"[{'Element': 'S', 'Oxidation States': [-0.634, -0.021, -0.022, -0.634]}, {'Element': 'Na', 'Oxidation States': [0.842, 0.842]}]"
Na2S4-glyme-vdw,Na2S4,,Glyme,-136.57901844912786,9.0,True,True,"[{'Element': 'S', 'Oxidation States': [-0.634, -0.021, -0.022, -0.634]}, {'Element': 'Na', 'Oxidation States': [0.842, 0.842]}]"
Na2S4-glyme-vdw,Na2S4,,Glyme,-136.5790224056235,10.0,True,True,"[{'Element': 'S', 'Oxidation States': [-0.634, -0.021, -0.022, -0.634]}, {'Element': 'Na', 'Oxidation States': [0.842, 0.842]}]"
Na2S4-glyme-vdw,Na2S4,,Glyme,-136.5790232030217,11.0,True,True,"[{'Element': 'S', 'Oxidation States': [-0.634, -0.021, -0.022, -0.634]}, {'Element': 'Na', 'Oxidation States': [0.842, 0.842]}]"
Na2S4-glyme-vdw,Na2S4,,Glyme,-136.57902429438911,12.0,True,True,"[{'Element': 'S', 'Oxidation States': [-0.634, -0.021, -0.022, -0.634]}, {'Element': 'Na', 'Oxidation States': [0.842, 0.842]}]"
Na2S4-glyme-vdw-elecmin,Na2S4,,Glyme,-136.5790257099187,1.0,False,True,"[{'Element': 'S', 'Oxidation States': [-0.634, -0.021, -0.022, -0.634]}, {'Element': 'Na', 'Oxidation States': [0.842, 0.842]}]"
Na2S4-glyme-vdw-elecmin,Na2S4,,Glyme,-136.57901123631643,0.0,False,True,"[{'Element': 'S', 'Oxidation States': [-0.634, -0.021, -0.022, -0.634]}, {'Element': 'Na', 'Oxidation States': [0.842, 0.842]}]"
Na2S4-vdw,Na2S4,,Vacuum,-136.5347640994844,4.0,True,True,"[{'Element': 'S', 'Oxidation States': [-0.583, 0.004, 0.004, -0.583]}, {'Element': 'Na', 'Oxidation States': [0.765, 0.765]}]"
Na2S4-vdw,Na2S4,,Vacuum,-136.534755362732,2.0,True,True,"[{'Element': 'S', 'Oxidation States': [-0.583, 0.004, 0.004, -0.583]}, {'Element': 'Na', 'Oxidation States': [0.765, 0.765]}]"
Na2S4-vdw,Na2S4,,Vacuum,-136.5347604748879,3.0,True,True,"[{'Element': 'S', 'Oxidation States': [-0.583, 0.004, 0.004, -0.583]}, {'Element': 'Na', 'Oxidation States': [0.765, 0.765]}]"
Na2S4-vdw,Na2S4,,Vacuum,-136.53470314523352,0.0,True,True,"[{'Element': 'S', 'Oxidation States': [-0.583, 0.004, 0.004, -0.583]}, {'Element': 'Na', 'Oxidation States': [0.765, 0.765]}]"
Na2S4-vdw,Na2S4,,Vacuum,-136.53473721180055,1.0,True,True,"[{'Element': 'S', 'Oxidation States': [-0.583, 0.004, 0.004, -0.583]}, {'Element': 'Na', 'Oxidation States': [0.765, 0.765]}]"
Na2S4-vdw-elecmin,Na2S4,,Vacuum,-136.53476409830873,0.0,False,True,"[{'Element': 'S', 'Oxidation States': [-0.583, 0.004, 0.004, -0.583]}, {'Element': 'Na', 'Oxidation States': [0.765, 0.765]}]"
Na2S6,Na2S6,,Vacuum,-157.09853753691036,0.0,True,False,"[{'Element': 'S', 'Oxidation States': [-0.392, 0.392, -0.457, -0.457, 0.392, -0.393]}, {'Element': 'Na', 'Oxidation States': [0.72, 0.721]}]"
Na2S6-PC,Na2S6,,PC,-157.26833280235573,4.0,True,False,"[{'Element': 'S', 'Oxidation States': [-0.581, 0.344, -0.399, -0.399, 0.344, -0.581]}, {'Element': 'Na', 'Oxidation States': [0.895, 0.895]}]"
Na2S6-PC,Na2S6,,PC,-157.26534813325378,3.0,True,False,"[{'Element': 'S', 'Oxidation States': [-0.581, 0.344, -0.399, -0.399, 0.344, -0.581]}, {'Element': 'Na', 'Oxidation States': [0.895, 0.895]}]"
Na2S6-PC,Na2S6,,PC,-157.2383715501854,2.0,True,False,"[{'Element': 'S', 'Oxidation States': [-0.581, 0.344, -0.399, -0.399, 0.344, -0.581]}, {'Element': 'Na', 'Oxidation States': [0.895, 0.895]}]"
Na2S6-PC,Na2S6,,PC,-157.2363505978632,1.0,True,False,"[{'Element': 'S', 'Oxidation States': [-0.581, 0.344, -0.399, -0.399, 0.344, -0.581]}, {'Element': 'Na', 'Oxidation States': [0.895, 0.895]}]"
Na2S6-PC,Na2S6,,PC,-157.23141945494626,0.0,True,False,"[{'Element': 'S', 'Oxidation States': [-0.581, 0.344, -0.399, -0.399, 0.344, -0.581]}, {'Element': 'Na', 'Oxidation States': [0.895, 0.895]}]"
Na2S6-PC-elecmin,Na2S6,,PC,-157.2692756851122,6.0,False,False,"[{'Element': 'S', 'Oxidation States': [-0.568, 0.363, -0.409, -0.409, 0.361, -0.57]}, {'Element': 'Na', 'Oxidation States': [0.9, 0.9]}]"
Na2S6-PC-elecmin,Na2S6,,PC,-157.256500130556,3.0,False,False,"[{'Element': 'S', 'Oxidation States': [-0.568, 0.363, -0.409, -0.409, 0.361, -0.57]}, {'Element': 'Na', 'Oxidation States': [0.9, 0.9]}]"
Na2S6-PC-elecmin,Na2S6,,PC,-157.25922929695705,4.0,False,False,"[{'Element': 'S', 'Oxidation States': [-0.568, 0.363, -0.409, -0.409, 0.361, -0.57]}, {'Element': 'Na', 'Oxidation States': [0.9, 0.9]}]"
Na2S6-PC-elecmin,Na2S6,,PC,-157.26697193238365,5.0,False,False,"[{'Element': 'S', 'Oxidation States': [-0.568, 0.363, -0.409, -0.409, 0.361, -0.57]}, {'Element': 'Na', 'Oxidation States': [0.9, 0.9]}]"
Na2S6-PC-elecmin,Na2S6,,PC,-157.2314191674215,0.0,False,False,"[{'Element': 'S', 'Oxidation States': [-0.568, 0.363, -0.409, -0.409, 0.361, -0.57]}, {'Element': 'Na', 'Oxidation States': [0.9, 0.9]}]"
Na2S6-PC-elecmin,Na2S6,,PC,-157.24620384053247,2.0,False,False,"[{'Element': 'S', 'Oxidation States': [-0.568, 0.363, -0.409, -0.409, 0.361, -0.57]}, {'Element': 'Na', 'Oxidation States': [0.9, 0.9]}]"
Na2S6-PC-elecmin,Na2S6,,PC,-157.24165963135164,1.0,False,False,"[{'Element': 'S', 'Oxidation States': [-0.568, 0.363, -0.409, -0.409, 0.361, -0.57]}, {'Element': 'Na', 'Oxidation States': [0.9, 0.9]}]"
Na2S6-PC-vdw,Na2S6,,PC,-157.24050016068622,1.0,True,True,"[{'Element': 'S', 'Oxidation States': [-0.517, 0.349, -0.469, -0.469, 0.348, -0.518]}, {'Element': 'Na', 'Oxidation States': [0.9, 0.899]}]"
Na2S6-PC-vdw,Na2S6,,PC,-157.2403421677273,0.0,True,True,"[{'Element': 'S', 'Oxidation States': [-0.517, 0.349, -0.469, -0.469, 0.348, -0.518]}, {'Element': 'Na', 'Oxidation States': [0.9, 0.899]}]"
Na2S6-PC-vdw,Na2S6,,PC,-157.2731134789929,4.0,True,True,"[{'Element': 'S', 'Oxidation States': [-0.517, 0.349, -0.469, -0.469, 0.348, -0.518]}, {'Element': 'Na', 'Oxidation States': [0.9, 0.899]}]"
Na2S6-PC-vdw,Na2S6,,PC,-157.2848882250641,5.0,True,True,"[{'Element': 'S', 'Oxidation States': [-0.517, 0.349, -0.469, -0.469, 0.348, -0.518]}, {'Element': 'Na', 'Oxidation States': [0.9, 0.899]}]"
Na2S6-PC-vdw,Na2S6,,PC,-157.28711545598068,6.0,True,True,"[{'Element': 'S', 'Oxidation States': [-0.517, 0.349, -0.469, -0.469, 0.348, -0.518]}, {'Element': 'Na', 'Oxidation States': [0.9, 0.899]}]"
Na2S6-PC-vdw,Na2S6,,PC,-157.28845237270195,7.0,True,True,"[{'Element': 'S', 'Oxidation States': [-0.517, 0.349, -0.469, -0.469, 0.348, -0.518]}, {'Element': 'Na', 'Oxidation States': [0.9, 0.899]}]"
Na2S6-PC-vdw,Na2S6,,PC,-157.2758142720201,3.0,True,True,"[{'Element': 'S', 'Oxidation States': [-0.517, 0.349, -0.469, -0.469, 0.348, -0.518]}, {'Element': 'Na', 'Oxidation States': [0.9, 0.899]}]"
Na2S6-PC-vdw,Na2S6,,PC,-157.25243992758365,2.0,True,True,"[{'Element': 'S', 'Oxidation States': [-0.517, 0.349, -0.469, -0.469, 0.348, -0.518]}, {'Element': 'Na', 'Oxidation States': [0.9, 0.899]}]"
Na2S6-PC-vdw-elecmin,Na2S6,,PC,-157.2689685687305,3.0,False,True,"[{'Element': 'S', 'Oxidation States': [-0.502, 0.342, -0.465, -0.465, 0.342, -0.501]}, {'Element': 'Na', 'Oxidation States': [0.865, 0.865]}]"
Na2S6-PC-vdw-elecmin,Na2S6,,PC,-157.25719511399487,2.0,False,True,"[{'Element': 'S', 'Oxidation States': [-0.502, 0.342, -0.465, -0.465, 0.342, -0.501]}, {'Element': 'Na', 'Oxidation States': [0.865, 0.865]}]"
Na2S6-PC-vdw-elecmin,Na2S6,,PC,-157.2522737614583,1.0,False,True,"[{'Element': 'S', 'Oxidation States': [-0.502, 0.342, -0.465, -0.465, 0.342, -0.501]}, {'Element': 'Na', 'Oxidation States': [0.865, 0.865]}]"
Na2S6-PC-vdw-elecmin,Na2S6,,PC,-157.24034188050845,0.0,False,True,"[{'Element': 'S', 'Oxidation States': [-0.502, 0.342, -0.465, -0.465, 0.342, -0.501]}, {'Element': 'Na', 'Oxidation States': [0.865, 0.865]}]"
Na2S6-elecmin,Na2S6,,Vacuum,-157.09853754089247,0.0,False,False,"[{'Element': 'S', 'Oxidation States': [-0.392, 0.392, -0.457, -0.457, 0.392, -0.393]}, {'Element': 'Na', 'Oxidation States': [0.72, 0.721]}]"
Na2S6-glyme,Na2S6,,Glyme,-157.1405713055058,2.0,True,False,"[{'Element': 'S', 'Oxidation States': [-0.476, 0.372, -0.445, -0.447, 0.372, -0.476]}, {'Element': 'Na', 'Oxidation States': [0.814, 0.815]}]"
Na2S6-glyme,Na2S6,,Glyme,-157.14074192973425,3.0,True,False,"[{'Element': 'S', 'Oxidation States': [-0.476, 0.372, -0.445, -0.447, 0.372, -0.476]}, {'Element': 'Na', 'Oxidation States': [0.814, 0.815]}]"
Na2S6-glyme,Na2S6,,Glyme,-157.14112377879167,4.0,True,False,"[{'Element': 'S', 'Oxidation States': [-0.476, 0.372, -0.445, -0.447, 0.372, -0.476]}, {'Element': 'Na', 'Oxidation States': [0.814, 0.815]}]"
Na2S6-glyme,Na2S6,,Glyme,-157.14130743357867,5.0,True,False,"[{'Element': 'S', 'Oxidation States': [-0.476, 0.372, -0.445, -0.447, 0.372, -0.476]}, {'Element': 'Na', 'Oxidation States': [0.814, 0.815]}]"
Na2S6-glyme,Na2S6,,Glyme,-157.14155549249517,6.0,True,False,"[{'Element': 'S', 'Oxidation States': [-0.476, 0.372, -0.445, -0.447, 0.372, -0.476]}, {'Element': 'Na', 'Oxidation States': [0.814, 0.815]}]"
Na2S6-glyme,Na2S6,,Glyme,-157.1416534171871,7.0,True,False,"[{'Element': 'S', 'Oxidation States': [-0.476, 0.372, -0.445, -0.447, 0.372, -0.476]}, {'Element': 'Na', 'Oxidation States': [0.814, 0.815]}]"
Na2S6-glyme,Na2S6,,Glyme,-157.14168371247916,8.0,True,False,"[{'Element': 'S', 'Oxidation States': [-0.476, 0.372, -0.445, -0.447, 0.372, -0.476]}, {'Element': 'Na', 'Oxidation States': [0.814, 0.815]}]"
Na2S6-glyme,Na2S6,,Glyme,-157.14172056899463,9.0,True,False,"[{'Element': 'S', 'Oxidation States': [-0.476, 0.372, -0.445, -0.447, 0.372, -0.476]}, {'Element': 'Na', 'Oxidation States': [0.814, 0.815]}]"
Na2S6-glyme,Na2S6,,Glyme,-157.1417254397555,10.0,True,False,"[{'Element': 'S', 'Oxidation States': [-0.476, 0.372, -0.445, -0.447, 0.372, -0.476]}, {'Element': 'Na', 'Oxidation States': [0.814, 0.815]}]"
Na2S6-glyme,Na2S6,,Glyme,-157.141737416384,11.0,True,False,"[{'Element': 'S', 'Oxidation States': [-0.476, 0.372, -0.445, -0.447, 0.372, -0.476]}, {'Element': 'Na', 'Oxidation States': [0.814, 0.815]}]"
Na2S6-glyme,Na2S6,,Glyme,-157.14174145099184,12.0,True,False,"[{'Element': 'S', 'Oxidation States': [-0.476, 0.372, -0.445, -0.447, 0.372, -0.476]}, {'Element': 'Na', 'Oxidation States': [0.814, 0.815]}]"
Na2S6-glyme,Na2S6,,Glyme,-157.1417481478456,13.0,True,False,"[{'Element': 'S', 'Oxidation States': [-0.476, 0.372, -0.445, -0.447, 0.372, -0.476]}, {'Element': 'Na', 'Oxidation States': [0.814, 0.815]}]"
Na2S6-glyme,Na2S6,,Glyme,-157.13720463380844,0.0,True,False,"[{'Element': 'S', 'Oxidation States': [-0.476, 0.372, -0.445, -0.447, 0.372, -0.476]}, {'Element': 'Na', 'Oxidation States': [0.814, 0.815]}]"
Na2S6-glyme,Na2S6,,Glyme,-157.14175624094554,15.0,True,False,"[{'Element': 'S', 'Oxidation States': [-0.476, 0.372, -0.445, -0.447, 0.372, -0.476]}, {'Element': 'Na', 'Oxidation States': [0.814, 0.815]}]"
Na2S6-glyme,Na2S6,,Glyme,-157.14175764094506,16.0,True,False,"[{'Element': 'S', 'Oxidation States': [-0.476, 0.372, -0.445, -0.447, 0.372, -0.476]}, {'Element': 'Na', 'Oxidation States': [0.814, 0.815]}]"
Na2S6-glyme,Na2S6,,Glyme,-157.1417600186843,17.0,True,False,"[{'Element': 'S', 'Oxidation States': [-0.476, 0.372, -0.445, -0.447, 0.372, -0.476]}, {'Element': 'Na', 'Oxidation States': [0.814, 0.815]}]"
Na2S6-glyme,Na2S6,,Glyme,-157.1417604437092,18.0,True,False,"[{'Element': 'S', 'Oxidation States': [-0.476, 0.372, -0.445, -0.447, 0.372, -0.476]}, {'Element': 'Na', 'Oxidation States': [0.814, 0.815]}]"
Na2S6-glyme,Na2S6,,Glyme,-157.14176689248376,19.0,True,False,"[{'Element': 'S', 'Oxidation States': [-0.476, 0.372, -0.445, -0.447, 0.372, -0.476]}, {'Element': 'Na', 'Oxidation States': [0.814, 0.815]}]"
Na2S6-glyme,Na2S6,,Glyme,-157.14177039861835,20.0,True,False,"[{'Element': 'S', 'Oxidation States': [-0.476, 0.372, -0.445, -0.447, 0.372, -0.476]}, {'Element': 'Na', 'Oxidation States': [0.814, 0.815]}]"
Na2S6-glyme,Na2S6,,Glyme,-157.14177195672258,21.0,True,False,"[{'Element': 'S', 'Oxidation States': [-0.476, 0.372, -0.445, -0.447, 0.372, -0.476]}, {'Element': 'Na', 'Oxidation States': [0.814, 0.815]}]"
Na2S6-glyme,Na2S6,,Glyme,-157.14177310614633,22.0,True,False,"[{'Element': 'S', 'Oxidation States': [-0.476, 0.372, -0.445, -0.447, 0.372, -0.476]}, {'Element': 'Na', 'Oxidation States': [0.814, 0.815]}]"
Na2S6-glyme,Na2S6,,Glyme,-157.14177463395737,23.0,True,False,"[{'Element': 'S', 'Oxidation States': [-0.476, 0.372, -0.445, -0.447, 0.372, -0.476]}, {'Element': 'Na', 'Oxidation States': [0.814, 0.815]}]"
Na2S6-glyme,Na2S6,,Glyme,-157.14177586704653,24.0,True,False,"[{'Element': 'S', 'Oxidation States': [-0.476, 0.372, -0.445, -0.447, 0.372, -0.476]}, {'Element': 'Na', 'Oxidation States': [0.814, 0.815]}]"
Na2S6-glyme,Na2S6,,Glyme,-157.14177651810036,25.0,True,False,"[{'Element': 'S', 'Oxidation States': [-0.476, 0.372, -0.445, -0.447, 0.372, -0.476]}, {'Element': 'Na', 'Oxidation States': [0.814, 0.815]}]"
Na2S6-glyme,Na2S6,,Glyme,-157.13844086768668,1.0,True,False,"[{'Element': 'S', 'Oxidation States': [-0.476, 0.372, -0.445, -0.447, 0.372, -0.476]}, {'Element': 'Na', 'Oxidation States': [0.814, 0.815]}]"
Na2S6-glyme,Na2S6,,Glyme,-157.14175232902653,14.0,True,False,"[{'Element': 'S', 'Oxidation States': [-0.476, 0.372, -0.445, -0.447, 0.372, -0.476]}, {'Element': 'Na', 'Oxidation States': [0.814, 0.815]}]"
Na2S6-glyme,Na2S6,,Glyme,-157.14177789238067,26.0,True,False,"[{'Element': 'S', 'Oxidation States': [-0.476, 0.372, -0.445, -0.447, 0.372, -0.476]}, {'Element': 'Na', 'Oxidation States': [0.814, 0.815]}]"
Na2S6-glyme-elecmin,Na2S6,,Glyme,-157.13720461696795,0.0,False,False,"[{'Element': 'S', 'Oxidation States': [-0.478, 0.371, -0.444, -0.443, 0.372, -0.478]}, {'Element': 'Na', 'Oxidation States': [0.815, 0.815]}]"
Na2S6-glyme-elecmin,Na2S6,,Glyme,-157.14179765886144,25.0,False,False,"[{'Element': 'S', 'Oxidation States': [-0.478, 0.371, -0.444, -0.443, 0.372, -0.478]}, {'Element': 'Na', 'Oxidation States': [0.815, 0.815]}]"
Na2S6-glyme-elecmin,Na2S6,,Glyme,-157.14179404944625,24.0,False,False,"[{'Element': 'S', 'Oxidation States': [-0.478, 0.371, -0.444, -0.443, 0.372, -0.478]}, {'Element': 'Na', 'Oxidation States': [0.815, 0.815]}]"
Na2S6-glyme-elecmin,Na2S6,,Glyme,-157.14179145068684,23.0,False,False,"[{'Element': 'S', 'Oxidation States': [-0.478, 0.371, -0.444, -0.443, 0.372, -0.478]}, {'Element': 'Na', 'Oxidation States': [0.815, 0.815]}]"
Na2S6-glyme-elecmin,Na2S6,,Glyme,-157.14178471591208,22.0,False,False,"[{'Element': 'S', 'Oxidation States': [-0.478, 0.371, -0.444, -0.443, 0.372, -0.478]}, {'Element': 'Na', 'Oxidation States': [0.815, 0.815]}]"
Na2S6-glyme-elecmin,Na2S6,,Glyme,-157.14177603582698,21.0,False,False,"[{'Element': 'S', 'Oxidation States': [-0.478, 0.371, -0.444, -0.443, 0.372, -0.478]}, {'Element': 'Na', 'Oxidation States': [0.815, 0.815]}]"
Na2S6-glyme-elecmin,Na2S6,,Glyme,-157.14177264456558,20.0,False,False,"[{'Element': 'S', 'Oxidation States': [-0.478, 0.371, -0.444, -0.443, 0.372, -0.478]}, {'Element': 'Na', 'Oxidation States': [0.815, 0.815]}]"
Na2S6-glyme-elecmin,Na2S6,,Glyme,-157.1417629303225,19.0,False,False,"[{'Element': 'S', 'Oxidation States': [-0.478, 0.371, -0.444, -0.443, 0.372, -0.478]}, {'Element': 'Na', 'Oxidation States': [0.815, 0.815]}]"
Na2S6-glyme-elecmin,Na2S6,,Glyme,-157.14176050815547,18.0,False,False,"[{'Element': 'S', 'Oxidation States': [-0.478, 0.371, -0.444, -0.443, 0.372, -0.478]}, {'Element': 'Na', 'Oxidation States': [0.815, 0.815]}]"
Na2S6-glyme-elecmin,Na2S6,,Glyme,-157.1417592856169,17.0,False,False,"[{'Element': 'S', 'Oxidation States': [-0.478, 0.371, -0.444, -0.443, 0.372, -0.478]}, {'Element': 'Na', 'Oxidation States': [0.815, 0.815]}]"
Na2S6-glyme-elecmin,Na2S6,,Glyme,-157.14175433469205,16.0,False,False,"[{'Element': 'S', 'Oxidation States': [-0.478, 0.371, -0.444, -0.443, 0.372, -0.478]}, {'Element': 'Na', 'Oxidation States': [0.815, 0.815]}]"
Na2S6-glyme-elecmin,Na2S6,,Glyme,-157.14175100082977,15.0,False,False,"[{'Element': 'S', 'Oxidation States': [-0.478, 0.371, -0.444, -0.443, 0.372, -0.478]}, {'Element': 'Na', 'Oxidation States': [0.815, 0.815]}]"
Na2S6-glyme-elecmin,Na2S6,,Glyme,-157.14174335437292,14.0,False,False,"[{'Element': 'S', 'Oxidation States': [-0.478, 0.371, -0.444, -0.443, 0.372, -0.478]}, {'Element': 'Na', 'Oxidation States': [0.815, 0.815]}]"
Na2S6-glyme-elecmin,Na2S6,,Glyme,-157.14179785896982,26.0,False,False,"[{'Element': 'S', 'Oxidation States': [-0.478, 0.371, -0.444, -0.443, 0.372, -0.478]}, {'Element': 'Na', 'Oxidation States': [0.815, 0.815]}]"
Na2S6-glyme-elecmin,Na2S6,,Glyme,-157.14174058664003,13.0,False,False,"[{'Element': 'S', 'Oxidation States': [-0.478, 0.371, -0.444, -0.443, 0.372, -0.478]}, {'Element': 'Na', 'Oxidation States': [0.815, 0.815]}]"
Na2S6-glyme-elecmin,Na2S6,,Glyme,-157.14172537203848,11.0,False,False,"[{'Element': 'S', 'Oxidation States': [-0.478, 0.371, -0.444, -0.443, 0.372, -0.478]}, {'Element': 'Na', 'Oxidation States': [0.815, 0.815]}]"
Na2S6-glyme-elecmin,Na2S6,,Glyme,-157.14172220948143,10.0,False,False,"[{'Element': 'S', 'Oxidation States': [-0.478, 0.371, -0.444, -0.443, 0.372, -0.478]}, {'Element': 'Na', 'Oxidation States': [0.815, 0.815]}]"
Na2S6-glyme-elecmin,Na2S6,,Glyme,-157.14169668452217,9.0,False,False,"[{'Element': 'S', 'Oxidation States': [-0.478, 0.371, -0.444, -0.443, 0.372, -0.478]}, {'Element': 'Na', 'Oxidation States': [0.815, 0.815]}]"
Na2S6-glyme-elecmin,Na2S6,,Glyme,-157.14167862603426,8.0,False,False,"[{'Element': 'S', 'Oxidation States': [-0.478, 0.371, -0.444, -0.443, 0.372, -0.478]}, {'Element': 'Na', 'Oxidation States': [0.815, 0.815]}]"
Na2S6-glyme-elecmin,Na2S6,,Glyme,-157.14162692403153,7.0,False,False,"[{'Element': 'S', 'Oxidation States': [-0.478, 0.371, -0.444, -0.443, 0.372, -0.478]}, {'Element': 'Na', 'Oxidation States': [0.815, 0.815]}]"
Na2S6-glyme-elecmin,Na2S6,,Glyme,-157.14155180968183,6.0,False,False,"[{'Element': 'S', 'Oxidation States': [-0.478, 0.371, -0.444, -0.443, 0.372, -0.478]}, {'Element': 'Na', 'Oxidation States': [0.815, 0.815]}]"
Na2S6-glyme-elecmin,Na2S6,,Glyme,-157.14135898659396,5.0,False,False,"[{'Element': 'S', 'Oxidation States': [-0.478, 0.371, -0.444, -0.443, 0.372, -0.478]}, {'Element': 'Na', 'Oxidation States': [0.815, 0.815]}]"
Na2S6-glyme-elecmin,Na2S6,,Glyme,-157.14112503958404,4.0,False,False,"[{'Element': 'S', 'Oxidation States': [-0.478, 0.371, -0.444, -0.443, 0.372, -0.478]}, {'Element': 'Na', 'Oxidation States': [0.815, 0.815]}]"
Na2S6-glyme-elecmin,Na2S6,,Glyme,-157.14073772960506,3.0,False,False,"[{'Element': 'S', 'Oxidation States': [-0.478, 0.371, -0.444, -0.443, 0.372, -0.478]}, {'Element': 'Na', 'Oxidation States': [0.815, 0.815]}]"
Na2S6-glyme-elecmin,Na2S6,,Glyme,-157.1405671060436,2.0,False,False,"[{'Element': 'S', 'Oxidation States': [-0.478, 0.371, -0.444, -0.443, 0.372, -0.478]}, {'Element': 'Na', 'Oxidation States': [0.815, 0.815]}]"
Na2S6-glyme-elecmin,Na2S6,,Glyme,-157.13844540408212,1.0,False,False,"[{'Element': 'S', 'Oxidation States': [-0.478, 0.371, -0.444, -0.443, 0.372, -0.478]}, {'Element': 'Na', 'Oxidation States': [0.815, 0.815]}]"
Na2S6-glyme-elecmin,Na2S6,,Glyme,-157.1417376097603,12.0,False,False,"[{'Element': 'S', 'Oxidation States': [-0.478, 0.371, -0.444, -0.443, 0.372, -0.478]}, {'Element': 'Na', 'Oxidation States': [0.815, 0.815]}]"
Na2S6-glyme-elecmin,Na2S6,,Glyme,-157.14179842826687,27.0,False,False,"[{'Element': 'S', 'Oxidation States': [-0.478, 0.371, -0.444, -0.443, 0.372, -0.478]}, {'Element': 'Na', 'Oxidation States': [0.815, 0.815]}]"
Na2S6-glyme-vdw,Na2S6,,Glyme,-157.15140106541384,19.0,True,True,"[{'Element': 'S', 'Oxidation States': [-0.475, 0.374, -0.451, -0.453, 0.375, -0.473]}, {'Element': 'Na', 'Oxidation States': [0.816, 0.817]}]"
Na2S6-glyme-vdw,Na2S6,,Glyme,-157.1514058565954,20.0,True,True,"[{'Element': 'S', 'Oxidation States': [-0.475, 0.374, -0.451, -0.453, 0.375, -0.473]}, {'Element': 'Na', 'Oxidation States': [0.816, 0.817]}]"
Na2S6-glyme-vdw,Na2S6,,Glyme,-157.15137312870343,12.0,True,True,"[{'Element': 'S', 'Oxidation States': [-0.475, 0.374, -0.451, -0.453, 0.375, -0.473]}, {'Element': 'Na', 'Oxidation States': [0.816, 0.817]}]"
Na2S6-glyme-vdw,Na2S6,,Glyme,-157.1514075412704,21.0,True,True,"[{'Element': 'S', 'Oxidation States': [-0.475, 0.374, -0.451, -0.453, 0.375, -0.473]}, {'Element': 'Na', 'Oxidation States': [0.816, 0.817]}]"
Na2S6-glyme-vdw,Na2S6,,Glyme,-157.15140931617424,23.0,True,True,"[{'Element': 'S', 'Oxidation States': [-0.475, 0.374, -0.451, -0.453, 0.375, -0.473]}, {'Element': 'Na', 'Oxidation States': [0.816, 0.817]}]"
Na2S6-glyme-vdw,Na2S6,,Glyme,-157.15139548307297,18.0,True,True,"[{'Element': 'S', 'Oxidation States': [-0.475, 0.374, -0.451, -0.453, 0.375, -0.473]}, {'Element': 'Na', 'Oxidation States': [0.816, 0.817]}]"
Na2S6-glyme-vdw,Na2S6,,Glyme,-157.1513927139101,17.0,True,True,"[{'Element': 'S', 'Oxidation States': [-0.475, 0.374, -0.451, -0.453, 0.375, -0.473]}, {'Element': 'Na', 'Oxidation States': [0.816, 0.817]}]"
Na2S6-glyme-vdw,Na2S6,,Glyme,-157.15139119309993,16.0,True,True,"[{'Element': 'S', 'Oxidation States': [-0.475, 0.374, -0.451, -0.453, 0.375, -0.473]}, {'Element': 'Na', 'Oxidation States': [0.816, 0.817]}]"
Na2S6-glyme-vdw,Na2S6,,Glyme,-157.15138852427066,15.0,True,True,"[{'Element': 'S', 'Oxidation States': [-0.475, 0.374, -0.451, -0.453, 0.375, -0.473]}, {'Element': 'Na', 'Oxidation States': [0.816, 0.817]}]"
Na2S6-glyme-vdw,Na2S6,,Glyme,-157.15138036285003,14.0,True,True,"[{'Element': 'S', 'Oxidation States': [-0.475, 0.374, -0.451, -0.453, 0.375, -0.473]}, {'Element': 'Na', 'Oxidation States': [0.816, 0.817]}]"
Na2S6-glyme-vdw,Na2S6,,Glyme,-157.15137778246404,13.0,True,True,"[{'Element': 'S', 'Oxidation States': [-0.475, 0.374, -0.451, -0.453, 0.375, -0.473]}, {'Element': 'Na', 'Oxidation States': [0.816, 0.817]}]"
Na2S6-glyme-vdw,Na2S6,,Glyme,-157.1513591362305,11.0,True,True,"[{'Element': 'S', 'Oxidation States': [-0.475, 0.374, -0.451, -0.453, 0.375, -0.473]}, {'Element': 'Na', 'Oxidation States': [0.816, 0.817]}]"
Na2S6-glyme-vdw,Na2S6,,Glyme,-157.1513524738515,10.0,True,True,"[{'Element': 'S', 'Oxidation States': [-0.475, 0.374, -0.451, -0.453, 0.375, -0.473]}, {'Element': 'Na', 'Oxidation States': [0.816, 0.817]}]"
Na2S6-glyme-vdw,Na2S6,,Glyme,-157.15134300274835,9.0,True,True,"[{'Element': 'S', 'Oxidation States': [-0.475, 0.374, -0.451, -0.453, 0.375, -0.473]}, {'Element': 'Na', 'Oxidation States': [0.816, 0.817]}]"
Na2S6-glyme-vdw,Na2S6,,Glyme,-157.15140837945108,22.0,True,True,"[{'Element': 'S', 'Oxidation States': [-0.475, 0.374, -0.451, -0.453, 0.375, -0.473]}, {'Element': 'Na', 'Oxidation States': [0.816, 0.817]}]"
Na2S6-glyme-vdw,Na2S6,,Glyme,-157.15124576530678,7.0,True,True,"[{'Element': 'S', 'Oxidation States': [-0.475, 0.374, -0.451, -0.453, 0.375, -0.473]}, {'Element': 'Na', 'Oxidation States': [0.816, 0.817]}]"
Na2S6-glyme-vdw,Na2S6,,Glyme,-157.1511672023858,6.0,True,True,"[{'Element': 'S', 'Oxidation States': [-0.475, 0.374, -0.451, -0.453, 0.375, -0.473]}, {'Element': 'Na', 'Oxidation States': [0.816, 0.817]}]"
Na2S6-glyme-vdw,Na2S6,,Glyme,-157.15106677694772,5.0,True,True,"[{'Element': 'S', 'Oxidation States': [-0.475, 0.374, -0.451, -0.453, 0.375, -0.473]}, {'Element': 'Na', 'Oxidation States': [0.816, 0.817]}]"
Na2S6-glyme-vdw,Na2S6,,Glyme,-157.15089315538387,4.0,True,True,"[{'Element': 'S', 'Oxidation States': [-0.475, 0.374, -0.451, -0.453, 0.375, -0.473]}, {'Element': 'Na', 'Oxidation States': [0.816, 0.817]}]"
Na2S6-glyme-vdw,Na2S6,,Glyme,-157.15054305231985,3.0,True,True,"[{'Element': 'S', 'Oxidation States': [-0.475, 0.374, -0.451, -0.453, 0.375, -0.473]}, {'Element': 'Na', 'Oxidation States': [0.816, 0.817]}]"
Na2S6-glyme-vdw,Na2S6,,Glyme,-157.15031308920368,2.0,True,True,"[{'Element': 'S', 'Oxidation States': [-0.475, 0.374, -0.451, -0.453, 0.375, -0.473]}, {'Element': 'Na', 'Oxidation States': [0.816, 0.817]}]"
Na2S6-glyme-vdw,Na2S6,,Glyme,-157.14787074290598,1.0,True,True,"[{'Element': 'S', 'Oxidation States': [-0.475, 0.374, -0.451, -0.453, 0.375, -0.473]}, {'Element': 'Na', 'Oxidation States': [0.816, 0.817]}]"
Na2S6-glyme-vdw,Na2S6,,Glyme,-157.14612734656657,0.0,True,True,"[{'Element': 'S', 'Oxidation States': [-0.475, 0.374, -0.451, -0.453, 0.375, -0.473]}, {'Element': 'Na', 'Oxidation States': [0.816, 0.817]}]"
Na2S6-glyme-vdw,Na2S6,,Glyme,-157.15127640647003,8.0,True,True,"[{'Element': 'S', 'Oxidation States': [-0.475, 0.374, -0.451, -0.453, 0.375, -0.473]}, {'Element': 'Na', 'Oxidation States': [0.816, 0.817]}]"
Na2S6-glyme-vdw-elecmin,Na2S6,,Glyme,-157.15141615729652,2.0,False,True,"[{'Element': 'S', 'Oxidation States': [-0.475, 0.375, -0.45, -0.453, 0.374, -0.474]}, {'Element': 'Na', 'Oxidation States': [0.816, 0.817]}]"
Na2S6-glyme-vdw-elecmin,Na2S6,,Glyme,-157.15141968681945,4.0,False,True,"[{'Element': 'S', 'Oxidation States': [-0.475, 0.375, -0.45, -0.453, 0.374, -0.474]}, {'Element': 'Na', 'Oxidation States': [0.816, 0.817]}]"
Na2S6-glyme-vdw-elecmin,Na2S6,,Glyme,-157.15140930943667,0.0,False,True,"[{'Element': 'S', 'Oxidation States': [-0.475, 0.375, -0.45, -0.453, 0.374, -0.474]}, {'Element': 'Na', 'Oxidation States': [0.816, 0.817]}]"
Na2S6-glyme-vdw-elecmin,Na2S6,,Glyme,-157.15141769625367,3.0,False,True,"[{'Element': 'S', 'Oxidation States': [-0.475, 0.375, -0.45, -0.453, 0.374, -0.474]}, {'Element': 'Na', 'Oxidation States': [0.816, 0.817]}]"
Na2S6-glyme-vdw-elecmin,Na2S6,,Glyme,-157.15141158763558,1.0,False,True,"[{'Element': 'S', 'Oxidation States': [-0.475, 0.375, -0.45, -0.453, 0.374, -0.474]}, {'Element': 'Na', 'Oxidation States': [0.816, 0.817]}]"
Na2S6-vdw,Na2S6,,Vacuum,-157.10750435150217,4.0,True,True,"[{'Element': 'S', 'Oxidation States': [-0.393, 0.392, -0.457, -0.457, 0.392, -0.393]}, {'Element': 'Na', 'Oxidation States': [0.721, 0.721]}]"
Na2S6-vdw,Na2S6,,Vacuum,-157.10746024972605,0.0,True,True,"[{'Element': 'S', 'Oxidation States': [-0.393, 0.392, -0.457, -0.457, 0.392, -0.393]}, {'Element': 'Na', 'Oxidation States': [0.721, 0.721]}]"
Na2S6-vdw,Na2S6,,Vacuum,-157.10748472159355,1.0,True,True,"[{'Element': 'S', 'Oxidation States': [-0.393, 0.392, -0.457, -0.457, 0.392, -0.393]}, {'Element': 'Na', 'Oxidation States': [0.721, 0.721]}]"
Na2S6-vdw,Na2S6,,Vacuum,-157.10750148702917,2.0,True,True,"[{'Element': 'S', 'Oxidation States': [-0.393, 0.392, -0.457, -0.457, 0.392, -0.393]}, {'Element': 'Na', 'Oxidation States': [0.721, 0.721]}]"
Na2S6-vdw,Na2S6,,Vacuum,-157.10750262767266,3.0,True,True,"[{'Element': 'S', 'Oxidation States': [-0.393, 0.392, -0.457, -0.457, 0.392, -0.393]}, {'Element': 'Na', 'Oxidation States': [0.721, 0.721]}]"
Na2S6-vdw-elecmin,Na2S6,,Vacuum,-157.10750435471152,0.0,False,True,"[{'Element': 'S', 'Oxidation States': [-0.393, 0.392, -0.457, -0.457, 0.392, -0.393]}, {'Element': 'Na', 'Oxidation States': [0.721, 0.721]}]"
Na2S8,Na2S8,,Vacuum,-177.6560185338294,0.0,True,False,"[{'Element': 'S', 'Oxidation States': [-0.06, -0.015, -0.049, -0.148, 0.27, -0.415, 0.177, -0.522]}, {'Element': 'Na', 'Oxidation States': [0.731, 0.735]}]"
Na2S8-PC,Na2S8,,PC,-177.84122429759685,41.0,True,False,"[{'Element': 'S', 'Oxidation States': [-0.132, -0.068, 0.033, -0.065, 0.105, -0.653, 0.168, -0.628]}, {'Element': 'Na', 'Oxidation States': [0.975, 0.97]}]"
Na2S8-PC,Na2S8,,PC,-177.84032628141625,34.0,True,False,"[{'Element': 'S', 'Oxidation States': [-0.132, -0.068, 0.033, -0.065, 0.105, -0.653, 0.168, -0.628]}, {'Element': 'Na', 'Oxidation States': [0.975, 0.97]}]"
Na2S8-PC,Na2S8,,PC,-177.8404231919882,35.0,True,False,"[{'Element': 'S', 'Oxidation States': [-0.132, -0.068, 0.033, -0.065, 0.105, -0.653, 0.168, -0.628]}, {'Element': 'Na', 'Oxidation States': [0.975, 0.97]}]"
Na2S8-PC,Na2S8,,PC,-177.8405602100529,36.0,True,False,"[{'Element': 'S', 'Oxidation States': [-0.132, -0.068, 0.033, -0.065, 0.105, -0.653, 0.168, -0.628]}, {'Element': 'Na', 'Oxidation States': [0.975, 0.97]}]"
Na2S8-PC,Na2S8,,PC,-177.8407616987019,37.0,True,False,"[{'Element': 'S', 'Oxidation States': [-0.132, -0.068, 0.033, -0.065, 0.105, -0.653, 0.168, -0.628]}, {'Element': 'Na', 'Oxidation States': [0.975, 0.97]}]"
Na2S8-PC,Na2S8,,PC,-177.84095993264526,38.0,True,False,"[{'Element': 'S', 'Oxidation States': [-0.132, -0.068, 0.033, -0.065, 0.105, -0.653, 0.168, -0.628]}, {'Element': 'Na', 'Oxidation States': [0.975, 0.97]}]"
Na2S8-PC,Na2S8,,PC,-177.84107780172835,39.0,True,False,"[{'Element': 'S', 'Oxidation States': [-0.132, -0.068, 0.033, -0.065, 0.105, -0.653, 0.168, -0.628]}, {'Element': 'Na', 'Oxidation States': [0.975, 0.97]}]"
Na2S8-PC,Na2S8,,PC,-177.8411562453129,40.0,True,False,"[{'Element': 'S', 'Oxidation States': [-0.132, -0.068, 0.033, -0.065, 0.105, -0.653, 0.168, -0.628]}, {'Element': 'Na', 'Oxidation States': [0.975, 0.97]}]"
Na2S8-PC,Na2S8,,PC,-177.84137658693223,42.0,True,False,"[{'Element': 'S', 'Oxidation States': [-0.132, -0.068, 0.033, -0.065, 0.105, -0.653, 0.168, -0.628]}, {'Element': 'Na', 'Oxidation States': [0.975, 0.97]}]"
Na2S8-PC,Na2S8,,PC,-177.8417162084572,43.0,True,False,"[{'Element': 'S', 'Oxidation States': [-0.132, -0.068, 0.033, -0.065, 0.105, -0.653, 0.168, -0.628]}, {'Element': 'Na', 'Oxidation States': [0.975, 0.97]}]"
Na2S8-PC,Na2S8,,PC,-177.8417269459489,44.0,True,False,"[{'Element': 'S', 'Oxidation States': [-0.132, -0.068, 0.033, -0.065, 0.105, -0.653, 0.168, -0.628]}, {'Element': 'Na', 'Oxidation States': [0.975, 0.97]}]"
Na2S8-PC,Na2S8,,PC,-177.84231293160826,45.0,True,False,"[{'Element': 'S', 'Oxidation States': [-0.132, -0.068, 0.033, -0.065, 0.105, -0.653, 0.168, -0.628]}, {'Element': 'Na', 'Oxidation States': [0.975, 0.97]}]"
Na2S8-PC,Na2S8,,PC,-177.84244614402888,46.0,True,False,"[{'Element': 'S', 'Oxidation States': [-0.132, -0.068, 0.033, -0.065, 0.105, -0.653, 0.168, -0.628]}, {'Element': 'Na', 'Oxidation States': [0.975, 0.97]}]"
Na2S8-PC,Na2S8,,PC,-177.84260259271886,47.0,True,False,"[{'Element': 'S', 'Oxidation States': [-0.132, -0.068, 0.033, -0.065, 0.105, -0.653, 0.168, -0.628]}, {'Element': 'Na', 'Oxidation States': [0.975, 0.97]}]"
Na2S8-PC,Na2S8,,PC,-177.84279010578496,48.0,True,False,"[{'Element': 'S', 'Oxidation States': [-0.132, -0.068, 0.033, -0.065, 0.105, -0.653, 0.168, -0.628]}, {'Element': 'Na', 'Oxidation States': [0.975, 0.97]}]"
Na2S8-PC,Na2S8,,PC,-177.8402051667221,33.0,True,False,"[{'Element': 'S', 'Oxidation States': [-0.132, -0.068, 0.033, -0.065, 0.105, -0.653, 0.168, -0.628]}, {'Element': 'Na', 'Oxidation States': [0.975, 0.97]}]"
Na2S8-PC,Na2S8,,PC,-177.8429727614349,49.0,True,False,"[{'Element': 'S', 'Oxidation States': [-0.132, -0.068, 0.033, -0.065, 0.105, -0.653, 0.168, -0.628]}, {'Element': 'Na', 'Oxidation States': [0.975, 0.97]}]"
Na2S8-PC,Na2S8,,PC,-177.84312231563587,51.0,True,False,"[{'Element': 'S', 'Oxidation States': [-0.132, -0.068, 0.033, -0.065, 0.105, -0.653, 0.168, -0.628]}, {'Element': 'Na', 'Oxidation States': [0.975, 0.97]}]"
Na2S8-PC,Na2S8,,PC,-177.84322378633638,52.0,True,False,"[{'Element': 'S', 'Oxidation States': [-0.132, -0.068, 0.033, -0.065, 0.105, -0.653, 0.168, -0.628]}, {'Element': 'Na', 'Oxidation States': [0.975, 0.97]}]"
Na2S8-PC,Na2S8,,PC,-177.84338197174995,54.0,True,False,"[{'Element': 'S', 'Oxidation States': [-0.132, -0.068, 0.033, -0.065, 0.105, -0.653, 0.168, -0.628]}, {'Element': 'Na', 'Oxidation States': [0.975, 0.97]}]"
Na2S8-PC,Na2S8,,PC,-177.8435258541284,55.0,True,False,"[{'Element': 'S', 'Oxidation States': [-0.132, -0.068, 0.033, -0.065, 0.105, -0.653, 0.168, -0.628]}, {'Element': 'Na', 'Oxidation States': [0.975, 0.97]}]"
Na2S8-PC,Na2S8,,PC,-177.84356392882052,56.0,True,False,"[{'Element': 'S', 'Oxidation States': [-0.132, -0.068, 0.033, -0.065, 0.105, -0.653, 0.168, -0.628]}, {'Element': 'Na', 'Oxidation States': [0.975, 0.97]}]"
Na2S8-PC,Na2S8,,PC,-177.8437463983128,57.0,True,False,"[{'Element': 'S', 'Oxidation States': [-0.132, -0.068, 0.033, -0.065, 0.105, -0.653, 0.168, -0.628]}, {'Element': 'Na', 'Oxidation States': [0.975, 0.97]}]"
Na2S8-PC,Na2S8,,PC,-177.8438059180716,58.0,True,False,"[{'Element': 'S', 'Oxidation States': [-0.132, -0.068, 0.033, -0.065, 0.105, -0.653, 0.168, -0.628]}, {'Element': 'Na', 'Oxidation States': [0.975, 0.97]}]"
Na2S8-PC,Na2S8,,PC,-177.84383324946123,59.0,True,False,"[{'Element': 'S', 'Oxidation States': [-0.132, -0.068, 0.033, -0.065, 0.105, -0.653, 0.168, -0.628]}, {'Element': 'Na', 'Oxidation States': [0.975, 0.97]}]"
Na2S8-PC,Na2S8,,PC,-177.84393871905377,60.0,True,False,"[{'Element': 'S', 'Oxidation States': [-0.132, -0.068, 0.033, -0.065, 0.105, -0.653, 0.168, -0.628]}, {'Element': 'Na', 'Oxidation States': [0.975, 0.97]}]"
Na2S8-PC,Na2S8,,PC,-177.84404703336648,61.0,True,False,"[{'Element': 'S', 'Oxidation States': [-0.132, -0.068, 0.033, -0.065, 0.105, -0.653, 0.168, -0.628]}, {'Element': 'Na', 'Oxidation States': [0.975, 0.97]}]"
Na2S8-PC,Na2S8,,PC,-177.84405340795522,62.0,True,False,"[{'Element': 'S', 'Oxidation States': [-0.132, -0.068, 0.033, -0.065, 0.105, -0.653, 0.168, -0.628]}, {'Element': 'Na', 'Oxidation States': [0.975, 0.97]}]"
Na2S8-PC,Na2S8,,PC,-177.8441285620667,63.0,True,False,"[{'Element': 'S', 'Oxidation States': [-0.132, -0.068, 0.033, -0.065, 0.105, -0.653, 0.168, -0.628]}, {'Element': 'Na', 'Oxidation States': [0.975, 0.97]}]"
Na2S8-PC,Na2S8,,PC,-177.84415631923412,64.0,True,False,"[{'Element': 'S', 'Oxidation States': [-0.132, -0.068, 0.033, -0.065, 0.105, -0.653, 0.168, -0.628]}, {'Element': 'Na', 'Oxidation States': [0.975, 0.97]}]"
Na2S8-PC,Na2S8,,PC,-177.84417547467135,65.0,True,False,"[{'Element': 'S', 'Oxidation States': [-0.132, -0.068, 0.033, -0.065, 0.105, -0.653, 0.168, -0.628]}, {'Element': 'Na', 'Oxidation States': [0.975, 0.97]}]"
Na2S8-PC,Na2S8,,PC,-177.84301950920337,50.0,True,False,"[{'Element': 'S', 'Oxidation States': [-0.132, -0.068, 0.033, -0.065, 0.105, -0.653, 0.168, -0.628]}, {'Element': 'Na', 'Oxidation States': [0.975, 0.97]}]"
Na2S8-PC,Na2S8,,PC,-177.84420943417277,66.0,True,False,"[{'Element': 'S', 'Oxidation States': [-0.132, -0.068, 0.033, -0.065, 0.105, -0.653, 0.168, -0.628]}, {'Element': 'Na', 'Oxidation States': [0.975, 0.97]}]"
Na2S8-PC,Na2S8,,PC,-177.83999393988412,32.0,True,False,"[{'Element': 'S', 'Oxidation States': [-0.132, -0.068, 0.033, -0.065, 0.105, -0.653, 0.168, -0.628]}, {'Element': 'Na', 'Oxidation States': [0.975, 0.97]}]"
Na2S8-PC,Na2S8,,PC,-177.83926781512474,30.0,True,False,"[{'Element': 'S', 'Oxidation States': [-0.132, -0.068, 0.033, -0.065, 0.105, -0.653, 0.168, -0.628]}, {'Element': 'Na', 'Oxidation States': [0.975, 0.97]}]"
Na2S8-PC,Na2S8,,PC,-177.78413769439257,0.0,True,False,"[{'Element': 'S', 'Oxidation States': [-0.132, -0.068, 0.033, -0.065, 0.105, -0.653, 0.168, -0.628]}, {'Element': 'Na', 'Oxidation States': [0.975, 0.97]}]"
Na2S8-PC,Na2S8,,PC,-177.7857052430035,1.0,True,False,"[{'Element': 'S', 'Oxidation States': [-0.132, -0.068, 0.033, -0.065, 0.105, -0.653, 0.168, -0.628]}, {'Element': 'Na', 'Oxidation States': [0.975, 0.97]}]"
Na2S8-PC,Na2S8,,PC,-177.7884228488831,2.0,True,False,"[{'Element': 'S', 'Oxidation States': [-0.132, -0.068, 0.033, -0.065, 0.105, -0.653, 0.168, -0.628]}, {'Element': 'Na', 'Oxidation States': [0.975, 0.97]}]"
Na2S8-PC,Na2S8,,PC,-177.79800834221663,3.0,True,False,"[{'Element': 'S', 'Oxidation States': [-0.132, -0.068, 0.033, -0.065, 0.105, -0.653, 0.168, -0.628]}, {'Element': 'Na', 'Oxidation States': [0.975, 0.97]}]"
Na2S8-PC,Na2S8,,PC,-177.79181035928295,4.0,True,False,"[{'Element': 'S', 'Oxidation States': [-0.132, -0.068, 0.033, -0.065, 0.105, -0.653, 0.168, -0.628]}, {'Element': 'Na', 'Oxidation States': [0.975, 0.97]}]"
Na2S8-PC,Na2S8,,PC,-177.7943203690149,5.0,True,False,"[{'Element': 'S', 'Oxidation States': [-0.132, -0.068, 0.033, -0.065, 0.105, -0.653, 0.168, -0.628]}, {'Element': 'Na', 'Oxidation States': [0.975, 0.97]}]"
Na2S8-PC,Na2S8,,PC,-177.79230481913362,6.0,True,False,"[{'Element': 'S', 'Oxidation States': [-0.132, -0.068, 0.033, -0.065, 0.105, -0.653, 0.168, -0.628]}, {'Element': 'Na', 'Oxidation States': [0.975, 0.97]}]"
Na2S8-PC,Na2S8,,PC,-177.7927824328121,7.0,True,False,"[{'Element': 'S', 'Oxidation States': [-0.132, -0.068, 0.033, -0.065, 0.105, -0.653, 0.168, -0.628]}, {'Element': 'Na', 'Oxidation States': [0.975, 0.97]}]"
Na2S8-PC,Na2S8,,PC,-177.8221046241019,8.0,True,False,"[{'Element': 'S', 'Oxidation States': [-0.132, -0.068, 0.033, -0.065, 0.105, -0.653, 0.168, -0.628]}, {'Element': 'Na', 'Oxidation States': [0.975, 0.97]}]"
Na2S8-PC,Na2S8,,PC,-177.82725496280779,9.0,True,False,"[{'Element': 'S', 'Oxidation States': [-0.132, -0.068, 0.033, -0.065, 0.105, -0.653, 0.168, -0.628]}, {'Element': 'Na', 'Oxidation States': [0.975, 0.97]}]"
Na2S8-PC,Na2S8,,PC,-177.83284902133389,10.0,True,False,"[{'Element': 'S', 'Oxidation States': [-0.132, -0.068, 0.033, -0.065, 0.105, -0.653, 0.168, -0.628]}, {'Element': 'Na', 'Oxidation States': [0.975, 0.97]}]"
Na2S8-PC,Na2S8,,PC,-177.83345393791058,11.0,True,False,"[{'Element': 'S', 'Oxidation States': [-0.132, -0.068, 0.033, -0.065, 0.105, -0.653, 0.168, -0.628]}, {'Element': 'Na', 'Oxidation States': [0.975, 0.97]}]"
Na2S8-PC,Na2S8,,PC,-177.83404550189076,12.0,True,False,"[{'Element': 'S', 'Oxidation States': [-0.132, -0.068, 0.033, -0.065, 0.105, -0.653, 0.168, -0.628]}, {'Element': 'Na', 'Oxidation States': [0.975, 0.97]}]"
Na2S8-PC,Na2S8,,PC,-177.83516993519984,13.0,True,False,"[{'Element': 'S', 'Oxidation States': [-0.132, -0.068, 0.033, -0.065, 0.105, -0.653, 0.168, -0.628]}, {'Element': 'Na', 'Oxidation States': [0.975, 0.97]}]"
Na2S8-PC,Na2S8,,PC,-177.8396145656467,31.0,True,False,"[{'Element': 'S', 'Oxidation States': [-0.132, -0.068, 0.033, -0.065, 0.105, -0.653, 0.168, -0.628]}, {'Element': 'Na', 'Oxidation States': [0.975, 0.97]}]"
Na2S8-PC,Na2S8,,PC,-177.83585253398607,14.0,True,False,"[{'Element': 'S', 'Oxidation States': [-0.132, -0.068, 0.033, -0.065, 0.105, -0.653, 0.168, -0.628]}, {'Element': 'Na', 'Oxidation States': [0.975, 0.97]}]"
Na2S8-PC,Na2S8,,PC,-177.8366164494291,16.0,True,False,"[{'Element': 'S', 'Oxidation States': [-0.132, -0.068, 0.033, -0.065, 0.105, -0.653, 0.168, -0.628]}, {'Element': 'Na', 'Oxidation States': [0.975, 0.97]}]"
Na2S8-PC,Na2S8,,PC,-177.83721701520932,17.0,True,False,"[{'Element': 'S', 'Oxidation States': [-0.132, -0.068, 0.033, -0.065, 0.105, -0.653, 0.168, -0.628]}, {'Element': 'Na', 'Oxidation States': [0.975, 0.97]}]"
Na2S8-PC,Na2S8,,PC,-177.8374145876368,18.0,True,False,"[{'Element': 'S', 'Oxidation States': [-0.132, -0.068, 0.033, -0.065, 0.105, -0.653, 0.168, -0.628]}, {'Element': 'Na', 'Oxidation States': [0.975, 0.97]}]"
Na2S8-PC,Na2S8,,PC,-177.83768720346336,19.0,True,False,"[{'Element': 'S', 'Oxidation States': [-0.132, -0.068, 0.033, -0.065, 0.105, -0.653, 0.168, -0.628]}, {'Element': 'Na', 'Oxidation States': [0.975, 0.97]}]"
Na2S8-PC,Na2S8,,PC,-177.8380284282048,20.0,True,False,"[{'Element': 'S', 'Oxidation States': [-0.132, -0.068, 0.033, -0.065, 0.105, -0.653, 0.168, -0.628]}, {'Element': 'Na', 'Oxidation States': [0.975, 0.97]}]"
Na2S8-PC,Na2S8,,PC,-177.83827091374587,21.0,True,False,"[{'Element': 'S', 'Oxidation States': [-0.132, -0.068, 0.033, -0.065, 0.105, -0.653, 0.168, -0.628]}, {'Element': 'Na', 'Oxidation States': [0.975, 0.97]}]"
Na2S8-PC,Na2S8,,PC,-177.83840185496706,22.0,True,False,"[{'Element': 'S', 'Oxidation States': [-0.132, -0.068, 0.033, -0.065, 0.105, -0.653, 0.168, -0.628]}, {'Element': 'Na', 'Oxidation States': [0.975, 0.97]}]"
Na2S8-PC,Na2S8,,PC,-177.83846957594756,23.0,True,False,"[{'Element': 'S', 'Oxidation States': [-0.132, -0.068, 0.033, -0.065, 0.105, -0.653, 0.168, -0.628]}, {'Element': 'Na', 'Oxidation States': [0.975, 0.97]}]"
Na2S8-PC,Na2S8,,PC,-177.8385544535017,24.0,True,False,"[{'Element': 'S', 'Oxidation States': [-0.132, -0.068, 0.033, -0.065, 0.105, -0.653, 0.168, -0.628]}, {'Element': 'Na', 'Oxidation States': [0.975, 0.97]}]"
Na2S8-PC,Na2S8,,PC,-177.8386389834254,25.0,True,False,"[{'Element': 'S', 'Oxidation States': [-0.132, -0.068, 0.033, -0.065, 0.105, -0.653, 0.168, -0.628]}, {'Element': 'Na', 'Oxidation States': [0.975, 0.97]}]"
Na2S8-PC,Na2S8,,PC,-177.838693217217,26.0,True,False,"[{'Element': 'S', 'Oxidation States': [-0.132, -0.068, 0.033, -0.065, 0.105, -0.653, 0.168, -0.628]}, {'Element': 'Na', 'Oxidation States': [0.975, 0.97]}]"
Na2S8-PC,Na2S8,,PC,-177.8388676690497,27.0,True,False,"[{'Element': 'S', 'Oxidation States': [-0.132, -0.068, 0.033, -0.065, 0.105, -0.653, 0.168, -0.628]}, {'Element': 'Na', 'Oxidation States': [0.975, 0.97]}]"
Na2S8-PC,Na2S8,,PC,-177.83902051786276,28.0,True,False,"[{'Element': 'S', 'Oxidation States': [-0.132, -0.068, 0.033, -0.065, 0.105, -0.653, 0.168, -0.628]}, {'Element': 'Na', 'Oxidation States': [0.975, 0.97]}]"
Na2S8-PC,Na2S8,,PC,-177.83913332838978,29.0,True,False,"[{'Element': 'S', 'Oxidation States': [-0.132, -0.068, 0.033, -0.065, 0.105, -0.653, 0.168, -0.628]}, {'Element': 'Na', 'Oxidation States': [0.975, 0.97]}]"
Na2S8-PC,Na2S8,,PC,-177.8364601493987,15.0,True,False,"[{'Element': 'S', 'Oxidation States': [-0.132, -0.068, 0.033, -0.065, 0.105, -0.653, 0.168, -0.628]}, {'Element': 'Na', 'Oxidation States': [0.975, 0.97]}]"
Na2S8-PC,Na2S8,,PC,-177.84426805913594,67.0,True,False,"[{'Element': 'S', 'Oxidation States': [-0.132, -0.068, 0.033, -0.065, 0.105, -0.653, 0.168, -0.628]}, {'Element': 'Na', 'Oxidation States': [0.975, 0.97]}]"
Na2S8-PC,Na2S8,,PC,-177.8433256225755,53.0,True,False,"[{'Element': 'S', 'Oxidation States': [-0.132, -0.068, 0.033, -0.065, 0.105, -0.653, 0.168, -0.628]}, {'Element': 'Na', 'Oxidation States': [0.975, 0.97]}]"
Na2S8-PC,Na2S8,,PC,-177.84432151395265,69.0,True,False,"[{'Element': 'S', 'Oxidation States': [-0.132, -0.068, 0.033, -0.065, 0.105, -0.653, 0.168, -0.628]}, {'Element': 'Na', 'Oxidation States': [0.975, 0.97]}]"
Na2S8-PC,Na2S8,,PC,-177.84465995031303,103.0,True,False,"[{'Element': 'S', 'Oxidation States': [-0.132, -0.068, 0.033, -0.065, 0.105, -0.653, 0.168, -0.628]}, {'Element': 'Na', 'Oxidation States': [0.975, 0.97]}]"
Na2S8-PC,Na2S8,,PC,-177.8446652311918,104.0,True,False,"[{'Element': 'S', 'Oxidation States': [-0.132, -0.068, 0.033, -0.065, 0.105, -0.653, 0.168, -0.628]}, {'Element': 'Na', 'Oxidation States': [0.975, 0.97]}]"
Na2S8-PC,Na2S8,,PC,-177.8446717217165,105.0,True,False,"[{'Element': 'S', 'Oxidation States': [-0.132, -0.068, 0.033, -0.065, 0.105, -0.653, 0.168, -0.628]}, {'Element': 'Na', 'Oxidation States': [0.975, 0.97]}]"
Na2S8-PC,Na2S8,,PC,-177.8446815584035,106.0,True,False,"[{'Element': 'S', 'Oxidation States': [-0.132, -0.068, 0.033, -0.065, 0.105, -0.653, 0.168, -0.628]}, {'Element': 'Na', 'Oxidation States': [0.975, 0.97]}]"
Na2S8-PC,Na2S8,,PC,-177.84468281176453,107.0,True,False,"[{'Element': 'S', 'Oxidation States': [-0.132, -0.068, 0.033, -0.065, 0.105, -0.653, 0.168, -0.628]}, {'Element': 'Na', 'Oxidation States': [0.975, 0.97]}]"
Na2S8-PC,Na2S8,,PC,-177.84468501802974,108.0,True,False,"[{'Element': 'S', 'Oxidation States': [-0.132, -0.068, 0.033, -0.065, 0.105, -0.653, 0.168, -0.628]}, {'Element': 'Na', 'Oxidation States': [0.975, 0.97]}]"
Na2S8-PC,Na2S8,,PC,-177.84468502166445,109.0,True,False,"[{'Element': 'S', 'Oxidation States': [-0.132, -0.068, 0.033, -0.065, 0.105, -0.653, 0.168, -0.628]}, {'Element': 'Na', 'Oxidation States': [0.975, 0.97]}]"
Na2S8-PC,Na2S8,,PC,-177.8446892365901,110.0,True,False,"[{'Element': 'S', 'Oxidation States': [-0.132, -0.068, 0.033, -0.065, 0.105, -0.653, 0.168, -0.628]}, {'Element': 'Na', 'Oxidation States': [0.975, 0.97]}]"
Na2S8-PC,Na2S8,,PC,-177.84469783344838,111.0,True,False,"[{'Element': 'S', 'Oxidation States': [-0.132, -0.068, 0.033, -0.065, 0.105, -0.653, 0.168, -0.628]}, {'Element': 'Na', 'Oxidation States': [0.975, 0.97]}]"
Na2S8-PC,Na2S8,,PC,-177.8447028030522,112.0,True,False,"[{'Element': 'S', 'Oxidation States': [-0.132, -0.068, 0.033, -0.065, 0.105, -0.653, 0.168, -0.628]}, {'Element': 'Na', 'Oxidation States': [0.975, 0.97]}]"
Na2S8-PC,Na2S8,,PC,-177.8447073292985,113.0,True,False,"[{'Element': 'S', 'Oxidation States': [-0.132, -0.068, 0.033, -0.065, 0.105, -0.653, 0.168, -0.628]}, {'Element': 'Na', 'Oxidation States': [0.975, 0.97]}]"
Na2S8-PC,Na2S8,,PC,-177.8443067899135,68.0,True,False,"[{'Element': 'S', 'Oxidation States': [-0.132, -0.068, 0.033, -0.065, 0.105, -0.653, 0.168, -0.628]}, {'Element': 'Na', 'Oxidation States': [0.975, 0.97]}]"
Na2S8-PC,Na2S8,,PC,-177.84471316059063,115.0,True,False,"[{'Element': 'S', 'Oxidation States': [-0.132, -0.068, 0.033, -0.065, 0.105, -0.653, 0.168, -0.628]}, {'Element': 'Na', 'Oxidation States': [0.975, 0.97]}]"
Na2S8-PC,Na2S8,,PC,-177.84471635710793,116.0,True,False,"[{'Element': 'S', 'Oxidation States': [-0.132, -0.068, 0.033, -0.065, 0.105, -0.653, 0.168, -0.628]}, {'Element': 'Na', 'Oxidation States': [0.975, 0.97]}]"
Na2S8-PC,Na2S8,,PC,-177.8447177399729,117.0,True,False,"[{'Element': 'S', 'Oxidation States': [-0.132, -0.068, 0.033, -0.065, 0.105, -0.653, 0.168, -0.628]}, {'Element': 'Na', 'Oxidation States': [0.975, 0.97]}]"
Na2S8-PC,Na2S8,,PC,-177.84471774468764,118.0,True,False,"[{'Element': 'S', 'Oxidation States': [-0.132, -0.068, 0.033, -0.065, 0.105, -0.653, 0.168, -0.628]}, {'Element': 'Na', 'Oxidation States': [0.975, 0.97]}]"
Na2S8-PC,Na2S8,,PC,-177.84472069823636,119.0,True,False,"[{'Element': 'S', 'Oxidation States': [-0.132, -0.068, 0.033, -0.065, 0.105, -0.653, 0.168, -0.628]}, {'Element': 'Na', 'Oxidation States': [0.975, 0.97]}]"
Na2S8-PC,Na2S8,,PC,-177.84475053352125,133.0,True,False,"[{'Element': 'S', 'Oxidation States': [-0.132, -0.068, 0.033, -0.065, 0.105, -0.653, 0.168, -0.628]}, {'Element': 'Na', 'Oxidation States': [0.975, 0.97]}]"
Na2S8-PC,Na2S8,,PC,-177.8447499398437,132.0,True,False,"[{'Element': 'S', 'Oxidation States': [-0.132, -0.068, 0.033, -0.065, 0.105, -0.653, 0.168, -0.628]}, {'Element': 'Na', 'Oxidation States': [0.975, 0.97]}]"
Na2S8-PC,Na2S8,,PC,-177.84474988711312,131.0,True,False,"[{'Element': 'S', 'Oxidation States': [-0.132, -0.068, 0.033, -0.065, 0.105, -0.653, 0.168, -0.628]}, {'Element': 'Na', 'Oxidation States': [0.975, 0.97]}]"
Na2S8-PC,Na2S8,,PC,-177.84474713500322,130.0,True,False,"[{'Element': 'S', 'Oxidation States': [-0.132, -0.068, 0.033, -0.065, 0.105, -0.653, 0.168, -0.628]}, {'Element': 'Na', 'Oxidation States': [0.975, 0.97]}]"
Na2S8-PC,Na2S8,,PC,-177.84474381389816,129.0,True,False,"[{'Element': 'S', 'Oxidation States': [-0.132, -0.068, 0.033, -0.065, 0.105, -0.653, 0.168, -0.628]}, {'Element': 'Na', 'Oxidation States': [0.975, 0.97]}]"
Na2S8-PC,Na2S8,,PC,-177.84474124134914,128.0,True,False,"[{'Element': 'S', 'Oxidation States': [-0.132, -0.068, 0.033, -0.065, 0.105, -0.653, 0.168, -0.628]}, {'Element': 'Na', 'Oxidation States': [0.975, 0.97]}]"
Na2S8-PC,Na2S8,,PC,-177.84465419651724,102.0,True,False,"[{'Element': 'S', 'Oxidation States': [-0.132, -0.068, 0.033, -0.065, 0.105, -0.653, 0.168, -0.628]}, {'Element': 'Na', 'Oxidation States': [0.975, 0.97]}]"
Na2S8-PC,Na2S8,,PC,-177.84474123204802,127.0,True,False,"[{'Element': 'S', 'Oxidation States': [-0.132, -0.068, 0.033, -0.065, 0.105, -0.653, 0.168, -0.628]}, {'Element': 'Na', 'Oxidation States': [0.975, 0.97]}]"
Na2S8-PC,Na2S8,,PC,-177.84473352472014,125.0,True,False,"[{'Element': 'S', 'Oxidation States': [-0.132, -0.068, 0.033, -0.065, 0.105, -0.653, 0.168, -0.628]}, {'Element': 'Na', 'Oxidation States': [0.975, 0.97]}]"
Na2S8-PC,Na2S8,,PC,-177.8447326915345,124.0,True,False,"[{'Element': 'S', 'Oxidation States': [-0.132, -0.068, 0.033, -0.065, 0.105, -0.653, 0.168, -0.628]}, {'Element': 'Na', 'Oxidation States': [0.975, 0.97]}]"
Na2S8-PC,Na2S8,,PC,-177.84473116009332,123.0,True,False,"[{'Element': 'S', 'Oxidation States': [-0.132, -0.068, 0.033, -0.065, 0.105, -0.653, 0.168, -0.628]}, {'Element': 'Na', 'Oxidation States': [0.975, 0.97]}]"
Na2S8-PC,Na2S8,,PC,-177.84472971590614,122.0,True,False,"[{'Element': 'S', 'Oxidation States': [-0.132, -0.068, 0.033, -0.065, 0.105, -0.653, 0.168, -0.628]}, {'Element': 'Na', 'Oxidation States': [0.975, 0.97]}]"
Na2S8-PC,Na2S8,,PC,-177.84472543677145,121.0,True,False,"[{'Element': 'S', 'Oxidation States': [-0.132, -0.068, 0.033, -0.065, 0.105, -0.653, 0.168, -0.628]}, {'Element': 'Na', 'Oxidation States': [0.975, 0.97]}]"
Na2S8-PC,Na2S8,,PC,-177.8447236747595,120.0,True,False,"[{'Element': 'S', 'Oxidation States': [-0.132, -0.068, 0.033, -0.065, 0.105, -0.653, 0.168, -0.628]}, {'Element': 'Na', 'Oxidation States': [0.975, 0.97]}]"
Na2S8-PC,Na2S8,,PC,-177.8447348951645,126.0,True,False,"[{'Element': 'S', 'Oxidation States': [-0.132, -0.068, 0.033, -0.065, 0.105, -0.653, 0.168, -0.628]}, {'Element': 'Na', 'Oxidation States': [0.975, 0.97]}]"
Na2S8-PC,Na2S8,,PC,-177.84465028428082,101.0,True,False,"[{'Element': 'S', 'Oxidation States': [-0.132, -0.068, 0.033, -0.065, 0.105, -0.653, 0.168, -0.628]}, {'Element': 'Na', 'Oxidation States': [0.975, 0.97]}]"
Na2S8-PC,Na2S8,,PC,-177.84470977110934,114.0,True,False,"[{'Element': 'S', 'Oxidation States': [-0.132, -0.068, 0.033, -0.065, 0.105, -0.653, 0.168, -0.628]}, {'Element': 'Na', 'Oxidation States': [0.975, 0.97]}]"
Na2S8-PC,Na2S8,,PC,-177.84463956823086,99.0,True,False,"[{'Element': 'S', 'Oxidation States': [-0.132, -0.068, 0.033, -0.065, 0.105, -0.653, 0.168, -0.628]}, {'Element': 'Na', 'Oxidation States': [0.975, 0.97]}]"
Na2S8-PC,Na2S8,,PC,-177.84433946711417,70.0,True,False,"[{'Element': 'S', 'Oxidation States': [-0.132, -0.068, 0.033, -0.065, 0.105, -0.653, 0.168, -0.628]}, {'Element': 'Na', 'Oxidation States': [0.975, 0.97]}]"
Na2S8-PC,Na2S8,,PC,-177.84437524844338,71.0,True,False,"[{'Element': 'S', 'Oxidation States': [-0.132, -0.068, 0.033, -0.065, 0.105, -0.653, 0.168, -0.628]}, {'Element': 'Na', 'Oxidation States': [0.975, 0.97]}]"
Na2S8-PC,Na2S8,,PC,-177.84464517788257,100.0,True,False,"[{'Element': 'S', 'Oxidation States': [-0.132, -0.068, 0.033, -0.065, 0.105, -0.653, 0.168, -0.628]}, {'Element': 'Na', 'Oxidation States': [0.975, 0.97]}]"
Na2S8-PC,Na2S8,,PC,-177.8444218107943,73.0,True,False,"[{'Element': 'S', 'Oxidation States': [-0.132, -0.068, 0.033, -0.065, 0.105, -0.653, 0.168, -0.628]}, {'Element': 'Na', 'Oxidation States': [0.975, 0.97]}]"
Na2S8-PC,Na2S8,,PC,-177.844434695988,74.0,True,False,"[{'Element': 'S', 'Oxidation States': [-0.132, -0.068, 0.033, -0.065, 0.105, -0.653, 0.168, -0.628]}, {'Element': 'Na', 'Oxidation States': [0.975, 0.97]}]"
Na2S8-PC,Na2S8,,PC,-177.84444095267185,75.0,True,False,"[{'Element': 'S', 'Oxidation States': [-0.132, -0.068, 0.033, -0.065, 0.105, -0.653, 0.168, -0.628]}, {'Element': 'Na', 'Oxidation States': [0.975, 0.97]}]"
Na2S8-PC,Na2S8,,PC,-177.84444938375398,76.0,True,False,"[{'Element': 'S', 'Oxidation States': [-0.132, -0.068, 0.033, -0.065, 0.105, -0.653, 0.168, -0.628]}, {'Element': 'Na', 'Oxidation States': [0.975, 0.97]}]"
Na2S8-PC,Na2S8,,PC,-177.8444580491372,77.0,True,False,"[{'Element': 'S', 'Oxidation States': [-0.132, -0.068, 0.033, -0.065, 0.105, -0.653, 0.168, -0.628]}, {'Element': 'Na', 'Oxidation States': [0.975, 0.97]}]"
Na2S8-PC,Na2S8,,PC,-177.84446819009997,78.0,True,False,"[{'Element': 'S', 'Oxidation States': [-0.132, -0.068, 0.033, -0.065, 0.105, -0.653, 0.168, -0.628]}, {'Element': 'Na', 'Oxidation States': [0.975, 0.97]}]"
Na2S8-PC,Na2S8,,PC,-177.84448395288484,79.0,True,False,"[{'Element': 'S', 'Oxidation States': [-0.132, -0.068, 0.033, -0.065, 0.105, -0.653, 0.168, -0.628]}, {'Element': 'Na', 'Oxidation States': [0.975, 0.97]}]"
Na2S8-PC,Na2S8,,PC,-177.84449843057868,80.0,True,False,"[{'Element': 'S', 'Oxidation States': [-0.132, -0.068, 0.033, -0.065, 0.105, -0.653, 0.168, -0.628]}, {'Element': 'Na', 'Oxidation States': [0.975, 0.97]}]"
Na2S8-PC,Na2S8,,PC,-177.84451228389094,81.0,True,False,"[{'Element': 'S', 'Oxidation States': [-0.132, -0.068, 0.033, -0.065, 0.105, -0.653, 0.168, -0.628]}, {'Element': 'Na', 'Oxidation States': [0.975, 0.97]}]"
Na2S8-PC,Na2S8,,PC,-177.84451768583028,82.0,True,False,"[{'Element': 'S', 'Oxidation States': [-0.132, -0.068, 0.033, -0.065, 0.105, -0.653, 0.168, -0.628]}, {'Element': 'Na', 'Oxidation States': [0.975, 0.97]}]"
Na2S8-PC,Na2S8,,PC,-177.84452154927695,83.0,True,False,"[{'Element': 'S', 'Oxidation States': [-0.132, -0.068, 0.033, -0.065, 0.105, -0.653, 0.168, -0.628]}, {'Element': 'Na', 'Oxidation States': [0.975, 0.97]}]"
Na2S8-PC,Na2S8,,PC,-177.84452469011,84.0,True,False,"[{'Element': 'S', 'Oxidation States': [-0.132, -0.068, 0.033, -0.065, 0.105, -0.653, 0.168, -0.628]}, {'Element': 'Na', 'Oxidation States': [0.975, 0.97]}]"
Na2S8-PC,Na2S8,,PC,-177.84440225912428,72.0,True,False,"[{'Element': 'S', 'Oxidation States': [-0.132, -0.068, 0.033, -0.065, 0.105, -0.653, 0.168, -0.628]}, {'Element': 'Na', 'Oxidation States': [0.975, 0.97]}]"
Na2S8-PC,Na2S8,,PC,-177.844544464102,86.0,True,False,"[{'Element': 'S', 'Oxidation States': [-0.132, -0.068, 0.033, -0.065, 0.105, -0.653, 0.168, -0.628]}, {'Element': 'Na', 'Oxidation States': [0.975, 0.97]}]"
Na2S8-PC,Na2S8,,PC,-177.84453459140292,85.0,True,False,"[{'Element': 'S', 'Oxidation States': [-0.132, -0.068, 0.033, -0.065, 0.105, -0.653, 0.168, -0.628]}, {'Element': 'Na', 'Oxidation States': [0.975, 0.97]}]"
Na2S8-PC,Na2S8,,PC,-177.84463376223286,98.0,True,False,"[{'Element': 'S', 'Oxidation States': [-0.132, -0.068, 0.033, -0.065, 0.105, -0.653, 0.168, -0.628]}, {'Element': 'Na', 'Oxidation States': [0.975, 0.97]}]"
Na2S8-PC,Na2S8,,PC,-177.844624814627,96.0,True,False,"[{'Element': 'S', 'Oxidation States': [-0.132, -0.068, 0.033, -0.065, 0.105, -0.653, 0.168, -0.628]}, {'Element': 'Na', 'Oxidation States': [0.975, 0.97]}]"
Na2S8-PC,Na2S8,,PC,-177.84461968359497,95.0,True,False,"[{'Element': 'S', 'Oxidation States': [-0.132, -0.068, 0.033, -0.065, 0.105, -0.653, 0.168, -0.628]}, {'Element': 'Na', 'Oxidation States': [0.975, 0.97]}]"
Na2S8-PC,Na2S8,,PC,-177.844617004601,94.0,True,False,"[{'Element': 'S', 'Oxidation States': [-0.132, -0.068, 0.033, -0.065, 0.105, -0.653, 0.168, -0.628]}, {'Element': 'Na', 'Oxidation States': [0.975, 0.97]}]"
Na2S8-PC,Na2S8,,PC,-177.84461358503955,93.0,True,False,"[{'Element': 'S', 'Oxidation States': [-0.132, -0.068, 0.033, -0.065, 0.105, -0.653, 0.168, -0.628]}, {'Element': 'Na', 'Oxidation States': [0.975, 0.97]}]"
Na2S8-PC,Na2S8,,PC,-177.84462881533977,97.0,True,False,"[{'Element': 'S', 'Oxidation States': [-0.132, -0.068, 0.033, -0.065, 0.105, -0.653, 0.168, -0.628]}, {'Element': 'Na', 'Oxidation States': [0.975, 0.97]}]"
Na2S8-PC,Na2S8,,PC,-177.84459692530044,91.0,True,False,"[{'Element': 'S', 'Oxidation States': [-0.132, -0.068, 0.033, -0.065, 0.105, -0.653, 0.168, -0.628]}, {'Element': 'Na', 'Oxidation States': [0.975, 0.97]}]"
Na2S8-PC,Na2S8,,PC,-177.84458943899733,90.0,True,False,"[{'Element': 'S', 'Oxidation States': [-0.132, -0.068, 0.033, -0.065, 0.105, -0.653, 0.168, -0.628]}, {'Element': 'Na', 'Oxidation States': [0.975, 0.97]}]"
Na2S8-PC,Na2S8,,PC,-177.84458170422434,89.0,True,False,"[{'Element': 'S', 'Oxidation States': [-0.132, -0.068, 0.033, -0.065, 0.105, -0.653, 0.168, -0.628]}, {'Element': 'Na', 'Oxidation States': [0.975, 0.97]}]"
Na2S8-PC,Na2S8,,PC,-177.84456133868161,88.0,True,False,"[{'Element': 'S', 'Oxidation States': [-0.132, -0.068, 0.033, -0.065, 0.105, -0.653, 0.168, -0.628]}, {'Element': 'Na', 'Oxidation States': [0.975, 0.97]}]"
Na2S8-PC,Na2S8,,PC,-177.84460692842168,92.0,True,False,"[{'Element': 'S', 'Oxidation States': [-0.132, -0.068, 0.033, -0.065, 0.105, -0.653, 0.168, -0.628]}, {'Element': 'Na', 'Oxidation States': [0.975, 0.97]}]"
Na2S8-PC,Na2S8,,PC,-177.84455144366586,87.0,True,False,"[{'Element': 'S', 'Oxidation States': [-0.132, -0.068, 0.033, -0.065, 0.105, -0.653, 0.168, -0.628]}, {'Element': 'Na', 'Oxidation States': [0.975, 0.97]}]"
Na2S8-PC-elecmin,Na2S8,,PC,-177.84475455081042,5.0,False,False,"[{'Element': 'S', 'Oxidation States': [-0.131, -0.069, 0.032, -0.065, 0.105, -0.652, 0.168, -0.628]}, {'Element': 'Na', 'Oxidation States': [0.975, 0.97]}]"
Na2S8-PC-elecmin,Na2S8,,PC,-177.84475454760064,4.0,False,False,"[{'Element': 'S', 'Oxidation States': [-0.131, -0.069, 0.032, -0.065, 0.105, -0.652, 0.168, -0.628]}, {'Element': 'Na', 'Oxidation States': [0.975, 0.97]}]"
Na2S8-PC-elecmin,Na2S8,,PC,-177.844752817135,3.0,False,False,"[{'Element': 'S', 'Oxidation States': [-0.131, -0.069, 0.032, -0.065, 0.105, -0.652, 0.168, -0.628]}, {'Element': 'Na', 'Oxidation States': [0.975, 0.97]}]"
Na2S8-PC-elecmin,Na2S8,,PC,-177.84475301832398,2.0,False,False,"[{'Element': 'S', 'Oxidation States': [-0.131, -0.069, 0.032, -0.065, 0.105, -0.652, 0.168, -0.628]}, {'Element': 'Na', 'Oxidation States': [0.975, 0.97]}]"
Na2S8-PC-elecmin,Na2S8,,PC,-177.84475130872698,1.0,False,False,"[{'Element': 'S', 'Oxidation States': [-0.131, -0.069, 0.032, -0.065, 0.105, -0.652, 0.168, -0.628]}, {'Element': 'Na', 'Oxidation States': [0.975, 0.97]}]"
Na2S8-PC-elecmin,Na2S8,,PC,-177.84475062417602,0.0,False,False,"[{'Element': 'S', 'Oxidation States': [-0.131, -0.069, 0.032, -0.065, 0.105, -0.652, 0.168, -0.628]}, {'Element': 'Na', 'Oxidation States': [0.975, 0.97]}]"
Na2S8-PC-vdw,Na2S8,,PC,-177.86107082195247,28.0,True,True,"[{'Element': 'S', 'Oxidation States': [-0.111, -0.058, 0.024, -0.072, 0.113, -0.622, 0.159, -0.614]}, {'Element': 'Na', 'Oxidation States': [0.942, 0.933]}]"
Na2S8-PC-vdw,Na2S8,,PC,-177.86152091217483,33.0,True,True,"[{'Element': 'S', 'Oxidation States': [-0.111, -0.058, 0.024, -0.072, 0.113, -0.622, 0.159, -0.614]}, {'Element': 'Na', 'Oxidation States': [0.942, 0.933]}]"
Na2S8-PC-vdw,Na2S8,,PC,-177.86143630781237,32.0,True,True,"[{'Element': 'S', 'Oxidation States': [-0.111, -0.058, 0.024, -0.072, 0.113, -0.622, 0.159, -0.614]}, {'Element': 'Na', 'Oxidation States': [0.942, 0.933]}]"
Na2S8-PC-vdw,Na2S8,,PC,-177.86120051536707,30.0,True,True,"[{'Element': 'S', 'Oxidation States': [-0.111, -0.058, 0.024, -0.072, 0.113, -0.622, 0.159, -0.614]}, {'Element': 'Na', 'Oxidation States': [0.942, 0.933]}]"
Na2S8-PC-vdw,Na2S8,,PC,-177.86112587938646,29.0,True,True,"[{'Element': 'S', 'Oxidation States': [-0.111, -0.058, 0.024, -0.072, 0.113, -0.622, 0.159, -0.614]}, {'Element': 'Na', 'Oxidation States': [0.942, 0.933]}]"
Na2S8-PC-vdw,Na2S8,,PC,-177.8608797801052,27.0,True,True,"[{'Element': 'S', 'Oxidation States': [-0.111, -0.058, 0.024, -0.072, 0.113, -0.622, 0.159, -0.614]}, {'Element': 'Na', 'Oxidation States': [0.942, 0.933]}]"
Na2S8-PC-vdw,Na2S8,,PC,-177.86160558481316,34.0,True,True,"[{'Element': 'S', 'Oxidation States': [-0.111, -0.058, 0.024, -0.072, 0.113, -0.622, 0.159, -0.614]}, {'Element': 'Na', 'Oxidation States': [0.942, 0.933]}]"
Na2S8-PC-vdw,Na2S8,,PC,-177.86127521275517,31.0,True,True,"[{'Element': 'S', 'Oxidation States': [-0.111, -0.058, 0.024, -0.072, 0.113, -0.622, 0.159, -0.614]}, {'Element': 'Na', 'Oxidation States': [0.942, 0.933]}]"
Na2S8-PC-vdw,Na2S8,,PC,-177.86218460850117,40.0,True,True,"[{'Element': 'S', 'Oxidation States': [-0.111, -0.058, 0.024, -0.072, 0.113, -0.622, 0.159, -0.614]}, {'Element': 'Na', 'Oxidation States': [0.942, 0.933]}]"
Na2S8-PC-vdw,Na2S8,,PC,-177.86181238785173,36.0,True,True,"[{'Element': 'S', 'Oxidation States': [-0.111, -0.058, 0.024, -0.072, 0.113, -0.622, 0.159, -0.614]}, {'Element': 'Na', 'Oxidation States': [0.942, 0.933]}]"
Na2S8-PC-vdw,Na2S8,,PC,-177.86196855215582,37.0,True,True,"[{'Element': 'S', 'Oxidation States': [-0.111, -0.058, 0.024, -0.072, 0.113, -0.622, 0.159, -0.614]}, {'Element': 'Na', 'Oxidation States': [0.942, 0.933]}]"
Na2S8-PC-vdw,Na2S8,,PC,-177.8620501067967,38.0,True,True,"[{'Element': 'S', 'Oxidation States': [-0.111, -0.058, 0.024, -0.072, 0.113, -0.622, 0.159, -0.614]}, {'Element': 'Na', 'Oxidation States': [0.942, 0.933]}]"
Na2S8-PC-vdw,Na2S8,,PC,-177.86208218437469,39.0,True,True,"[{'Element': 'S', 'Oxidation States': [-0.111, -0.058, 0.024, -0.072, 0.113, -0.622, 0.159, -0.614]}, {'Element': 'Na', 'Oxidation States': [0.942, 0.933]}]"
Na2S8-PC-vdw,Na2S8,,PC,-177.86226092395654,41.0,True,True,"[{'Element': 'S', 'Oxidation States': [-0.111, -0.058, 0.024, -0.072, 0.113, -0.622, 0.159, -0.614]}, {'Element': 'Na', 'Oxidation States': [0.942, 0.933]}]"
Na2S8-PC-vdw,Na2S8,,PC,-177.86228675433483,42.0,True,True,"[{'Element': 'S', 'Oxidation States': [-0.111, -0.058, 0.024, -0.072, 0.113, -0.622, 0.159, -0.614]}, {'Element': 'Na', 'Oxidation States': [0.942, 0.933]}]"
Na2S8-PC-vdw,Na2S8,,PC,-177.86247781564575,43.0,True,True,"[{'Element': 'S', 'Oxidation States': [-0.111, -0.058, 0.024, -0.072, 0.113, -0.622, 0.159, -0.614]}, {'Element': 'Na', 'Oxidation States': [0.942, 0.933]}]"
Na2S8-PC-vdw,Na2S8,,PC,-177.86258511033793,44.0,True,True,"[{'Element': 'S', 'Oxidation States': [-0.111, -0.058, 0.024, -0.072, 0.113, -0.622, 0.159, -0.614]}, {'Element': 'Na', 'Oxidation States': [0.942, 0.933]}]"
Na2S8-PC-vdw,Na2S8,,PC,-177.8626698498382,45.0,True,True,"[{'Element': 'S', 'Oxidation States': [-0.111, -0.058, 0.024, -0.072, 0.113, -0.622, 0.159, -0.614]}, {'Element': 'Na', 'Oxidation States': [0.942, 0.933]}]"
Na2S8-PC-vdw,Na2S8,,PC,-177.86275960474654,46.0,True,True,"[{'Element': 'S', 'Oxidation States': [-0.111, -0.058, 0.024, -0.072, 0.113, -0.622, 0.159, -0.614]}, {'Element': 'Na', 'Oxidation States': [0.942, 0.933]}]"
Na2S8-PC-vdw,Na2S8,,PC,-177.86279678103864,47.0,True,True,"[{'Element': 'S', 'Oxidation States': [-0.111, -0.058, 0.024, -0.072, 0.113, -0.622, 0.159, -0.614]}, {'Element': 'Na', 'Oxidation States': [0.942, 0.933]}]"
Na2S8-PC-vdw,Na2S8,,PC,-177.8608054268405,26.0,True,True,"[{'Element': 'S', 'Oxidation States': [-0.111, -0.058, 0.024, -0.072, 0.113, -0.622, 0.159, -0.614]}, {'Element': 'Na', 'Oxidation States': [0.942, 0.933]}]"
Na2S8-PC-vdw,Na2S8,,PC,-177.8616769172661,35.0,True,True,"[{'Element': 'S', 'Oxidation States': [-0.111, -0.058, 0.024, -0.072, 0.113, -0.622, 0.159, -0.614]}, {'Element': 'Na', 'Oxidation States': [0.942, 0.933]}]"
Na2S8-PC-vdw,Na2S8,,PC,-177.86065525517765,25.0,True,True,"[{'Element': 'S', 'Oxidation States': [-0.111, -0.058, 0.024, -0.072, 0.113, -0.622, 0.159, -0.614]}, {'Element': 'Na', 'Oxidation States': [0.942, 0.933]}]"
Na2S8-PC-vdw,Na2S8,,PC,-177.857665194709,12.0,True,True,"[{'Element': 'S', 'Oxidation States': [-0.111, -0.058, 0.024, -0.072, 0.113, -0.622, 0.159, -0.614]}, {'Element': 'Na', 'Oxidation States': [0.942, 0.933]}]"
Na2S8-PC-vdw,Na2S8,,PC,-177.86034539798604,23.0,True,True,"[{'Element': 'S', 'Oxidation States': [-0.111, -0.058, 0.024, -0.072, 0.113, -0.622, 0.159, -0.614]}, {'Element': 'Na', 'Oxidation States': [0.942, 0.933]}]"
Na2S8-PC-vdw,Na2S8,,PC,-177.8628342672862,48.0,True,True,"[{'Element': 'S', 'Oxidation States': [-0.111, -0.058, 0.024, -0.072, 0.113, -0.622, 0.159, -0.614]}, {'Element': 'Na', 'Oxidation States': [0.942, 0.933]}]"
Na2S8-PC-vdw,Na2S8,,PC,-177.8570138577135,11.0,True,True,"[{'Element': 'S', 'Oxidation States': [-0.111, -0.058, 0.024, -0.072, 0.113, -0.622, 0.159, -0.614]}, {'Element': 'Na', 'Oxidation States': [0.942, 0.933]}]"
Na2S8-PC-vdw,Na2S8,,PC,-177.85613158302584,10.0,True,True,"[{'Element': 'S', 'Oxidation States': [-0.111, -0.058, 0.024, -0.072, 0.113, -0.622, 0.159, -0.614]}, {'Element': 'Na', 'Oxidation States': [0.942, 0.933]}]"
Na2S8-PC-vdw,Na2S8,,PC,-177.8553520130754,9.0,True,True,"[{'Element': 'S', 'Oxidation States': [-0.111, -0.058, 0.024, -0.072, 0.113, -0.622, 0.159, -0.614]}, {'Element': 'Na', 'Oxidation States': [0.942, 0.933]}]"
Na2S8-PC-vdw,Na2S8,,PC,-177.85433737489592,8.0,True,True,"[{'Element': 'S', 'Oxidation States': [-0.111, -0.058, 0.024, -0.072, 0.113, -0.622, 0.159, -0.614]}, {'Element': 'Na', 'Oxidation States': [0.942, 0.933]}]"
Na2S8-PC-vdw,Na2S8,,PC,-177.85268688571813,7.0,True,True,"[{'Element': 'S', 'Oxidation States': [-0.111, -0.058, 0.024, -0.072, 0.113, -0.622, 0.159, -0.614]}, {'Element': 'Na', 'Oxidation States': [0.942, 0.933]}]"
Na2S8-PC-vdw,Na2S8,,PC,-177.8498660615547,6.0,True,True,"[{'Element': 'S', 'Oxidation States': [-0.111, -0.058, 0.024, -0.072, 0.113, -0.622, 0.159, -0.614]}, {'Element': 'Na', 'Oxidation States': [0.942, 0.933]}]"
Na2S8-PC-vdw,Na2S8,,PC,-177.846753858217,5.0,True,True,"[{'Element': 'S', 'Oxidation States': [-0.111, -0.058, 0.024, -0.072, 0.113, -0.622, 0.159, -0.614]}, {'Element': 'Na', 'Oxidation States': [0.942, 0.933]}]"
Na2S8-PC-vdw,Na2S8,,PC,-177.84238787539653,4.0,True,True,"[{'Element': 'S', 'Oxidation States': [-0.111, -0.058, 0.024, -0.072, 0.113, -0.622, 0.159, -0.614]}, {'Element': 'Na', 'Oxidation States': [0.942, 0.933]}]"
Na2S8-PC-vdw,Na2S8,,PC,-177.83946496231903,3.0,True,True,"[{'Element': 'S', 'Oxidation States': [-0.111, -0.058, 0.024, -0.072, 0.113, -0.622, 0.159, -0.614]}, {'Element': 'Na', 'Oxidation States': [0.942, 0.933]}]"
Na2S8-PC-vdw,Na2S8,,PC,-177.82920811647296,2.0,True,True,"[{'Element': 'S', 'Oxidation States': [-0.111, -0.058, 0.024, -0.072, 0.113, -0.622, 0.159, -0.614]}, {'Element': 'Na', 'Oxidation States': [0.942, 0.933]}]"
Na2S8-PC-vdw,Na2S8,,PC,-177.81867397135233,1.0,True,True,"[{'Element': 'S', 'Oxidation States': [-0.111, -0.058, 0.024, -0.072, 0.113, -0.622, 0.159, -0.614]}, {'Element': 'Na', 'Oxidation States': [0.942, 0.933]}]"
Na2S8-PC-vdw,Na2S8,,PC,-177.7972656617602,0.0,True,True,"[{'Element': 'S', 'Oxidation States': [-0.111, -0.058, 0.024, -0.072, 0.113, -0.622, 0.159, -0.614]}, {'Element': 'Na', 'Oxidation States': [0.942, 0.933]}]"
Na2S8-PC-vdw,Na2S8,,PC,-177.85887016727688,14.0,True,True,"[{'Element': 'S', 'Oxidation States': [-0.111, -0.058, 0.024, -0.072, 0.113, -0.622, 0.159, -0.614]}, {'Element': 'Na', 'Oxidation States': [0.942, 0.933]}]"
Na2S8-PC-vdw,Na2S8,,PC,-177.85926444000944,15.0,True,True,"[{'Element': 'S', 'Oxidation States': [-0.111, -0.058, 0.024, -0.072, 0.113, -0.622, 0.159, -0.614]}, {'Element': 'Na', 'Oxidation States': [0.942, 0.933]}]"
Na2S8-PC-vdw,Na2S8,,PC,-177.85958050065153,16.0,True,True,"[{'Element': 'S', 'Oxidation States': [-0.111, -0.058, 0.024, -0.072, 0.113, -0.622, 0.159, -0.614]}, {'Element': 'Na', 'Oxidation States': [0.942, 0.933]}]"
Na2S8-PC-vdw,Na2S8,,PC,-177.85976937388767,17.0,True,True,"[{'Element': 'S', 'Oxidation States': [-0.111, -0.058, 0.024, -0.072, 0.113, -0.622, 0.159, -0.614]}, {'Element': 'Na', 'Oxidation States': [0.942, 0.933]}]"
Na2S8-PC-vdw,Na2S8,,PC,-177.85990681625088,18.0,True,True,"[{'Element': 'S', 'Oxidation States': [-0.111, -0.058, 0.024, -0.072, 0.113, -0.622, 0.159, -0.614]}, {'Element': 'Na', 'Oxidation States': [0.942, 0.933]}]"
Na2S8-PC-vdw,Na2S8,,PC,-177.85998780394726,19.0,True,True,"[{'Element': 'S', 'Oxidation States': [-0.111, -0.058, 0.024, -0.072, 0.113, -0.622, 0.159, -0.614]}, {'Element': 'Na', 'Oxidation States': [0.942, 0.933]}]"
Na2S8-PC-vdw,Na2S8,,PC,-177.86009431112652,20.0,True,True,"[{'Element': 'S', 'Oxidation States': [-0.111, -0.058, 0.024, -0.072, 0.113, -0.622, 0.159, -0.614]}, {'Element': 'Na', 'Oxidation States': [0.942, 0.933]}]"
Na2S8-PC-vdw,Na2S8,,PC,-177.8602086599462,21.0,True,True,"[{'Element': 'S', 'Oxidation States': [-0.111, -0.058, 0.024, -0.072, 0.113, -0.622, 0.159, -0.614]}, {'Element': 'Na', 'Oxidation States': [0.942, 0.933]}]"
Na2S8-PC-vdw,Na2S8,,PC,-177.86050704865,24.0,True,True,"[{'Element': 'S', 'Oxidation States': [-0.111, -0.058, 0.024, -0.072, 0.113, -0.622, 0.159, -0.614]}, {'Element': 'Na', 'Oxidation States': [0.942, 0.933]}]"
Na2S8-PC-vdw,Na2S8,,PC,-177.86288443889168,49.0,True,True,"[{'Element': 'S', 'Oxidation States': [-0.111, -0.058, 0.024, -0.072, 0.113, -0.622, 0.159, -0.614]}, {'Element': 'Na', 'Oxidation States': [0.942, 0.933]}]"
Na2S8-PC-vdw,Na2S8,,PC,-177.86028525112093,22.0,True,True,"[{'Element': 'S', 'Oxidation States': [-0.111, -0.058, 0.024, -0.072, 0.113, -0.622, 0.159, -0.614]}, {'Element': 'Na', 'Oxidation States': [0.942, 0.933]}]"
Na2S8-PC-vdw,Na2S8,,PC,-177.8629616268582,51.0,True,True,"[{'Element': 'S', 'Oxidation States': [-0.111, -0.058, 0.024, -0.072, 0.113, -0.622, 0.159, -0.614]}, {'Element': 'Na', 'Oxidation States': [0.942, 0.933]}]"
Na2S8-PC-vdw,Na2S8,,PC,-177.86396704951432,80.0,True,True,"[{'Element': 'S', 'Oxidation States': [-0.111, -0.058, 0.024, -0.072, 0.113, -0.622, 0.159, -0.614]}, {'Element': 'Na', 'Oxidation States': [0.942, 0.933]}]"
Na2S8-PC-vdw,Na2S8,,PC,-177.8640417348579,81.0,True,True,"[{'Element': 'S', 'Oxidation States': [-0.111, -0.058, 0.024, -0.072, 0.113, -0.622, 0.159, -0.614]}, {'Element': 'Na', 'Oxidation States': [0.942, 0.933]}]"
Na2S8-PC-vdw,Na2S8,,PC,-177.86410976822896,82.0,True,True,"[{'Element': 'S', 'Oxidation States': [-0.111, -0.058, 0.024, -0.072, 0.113, -0.622, 0.159, -0.614]}, {'Element': 'Na', 'Oxidation States': [0.942, 0.933]}]"
Na2S8-PC-vdw,Na2S8,,PC,-177.86418856262833,83.0,True,True,"[{'Element': 'S', 'Oxidation States': [-0.111, -0.058, 0.024, -0.072, 0.113, -0.622, 0.159, -0.614]}, {'Element': 'Na', 'Oxidation States': [0.942, 0.933]}]"
Na2S8-PC-vdw,Na2S8,,PC,-177.86430153779506,84.0,True,True,"[{'Element': 'S', 'Oxidation States': [-0.111, -0.058, 0.024, -0.072, 0.113, -0.622, 0.159, -0.614]}, {'Element': 'Na', 'Oxidation States': [0.942, 0.933]}]"
Na2S8-PC-vdw,Na2S8,,PC,-177.86436294731402,85.0,True,True,"[{'Element': 'S', 'Oxidation States': [-0.111, -0.058, 0.024, -0.072, 0.113, -0.622, 0.159, -0.614]}, {'Element': 'Na', 'Oxidation States': [0.942, 0.933]}]"
Na2S8-PC-vdw,Na2S8,,PC,-177.86292432481343,50.0,True,True,"[{'Element': 'S', 'Oxidation States': [-0.111, -0.058, 0.024, -0.072, 0.113, -0.622, 0.159, -0.614]}, {'Element': 'Na', 'Oxidation States': [0.942, 0.933]}]"
Na2S8-PC-vdw,Na2S8,,PC,-177.86439063031813,86.0,True,True,"[{'Element': 'S', 'Oxidation States': [-0.111, -0.058, 0.024, -0.072, 0.113, -0.622, 0.159, -0.614]}, {'Element': 'Na', 'Oxidation States': [0.942, 0.933]}]"
Na2S8-PC-vdw,Na2S8,,PC,-177.86442809879398,87.0,True,True,"[{'Element': 'S', 'Oxidation States': [-0.111, -0.058, 0.024, -0.072, 0.113, -0.622, 0.159, -0.614]}, {'Element': 'Na', 'Oxidation States': [0.942, 0.933]}]"
Na2S8-PC-vdw,Na2S8,,PC,-177.86445250602802,88.0,True,True,"[{'Element': 'S', 'Oxidation States': [-0.111, -0.058, 0.024, -0.072, 0.113, -0.622, 0.159, -0.614]}, {'Element': 'Na', 'Oxidation States': [0.942, 0.933]}]"
Na2S8-PC-vdw,Na2S8,,PC,-177.86446589260265,89.0,True,True,"[{'Element': 'S', 'Oxidation States': [-0.111, -0.058, 0.024, -0.072, 0.113, -0.622, 0.159, -0.614]}, {'Element': 'Na', 'Oxidation States': [0.942, 0.933]}]"
Na2S8-PC-vdw,Na2S8,,PC,-177.8644771013948,90.0,True,True,"[{'Element': 'S', 'Oxidation States': [-0.111, -0.058, 0.024, -0.072, 0.113, -0.622, 0.159, -0.614]}, {'Element': 'Na', 'Oxidation States': [0.942, 0.933]}]"
Na2S8-PC-vdw,Na2S8,,PC,-177.8644927619522,91.0,True,True,"[{'Element': 'S', 'Oxidation States': [-0.111, -0.058, 0.024, -0.072, 0.113, -0.622, 0.159, -0.614]}, {'Element': 'Na', 'Oxidation States': [0.942, 0.933]}]"
Na2S8-PC-vdw,Na2S8,,PC,-177.86451516572612,92.0,True,True,"[{'Element': 'S', 'Oxidation States': [-0.111, -0.058, 0.024, -0.072, 0.113, -0.622, 0.159, -0.614]}, {'Element': 'Na', 'Oxidation States': [0.942, 0.933]}]"
Na2S8-PC-vdw,Na2S8,,PC,-177.86453666247868,93.0,True,True,"[{'Element': 'S', 'Oxidation States': [-0.111, -0.058, 0.024, -0.072, 0.113, -0.622, 0.159, -0.614]}, {'Element': 'Na', 'Oxidation States': [0.942, 0.933]}]"
Na2S8-PC-vdw,Na2S8,,PC,-177.8645507454461,94.0,True,True,"[{'Element': 'S', 'Oxidation States': [-0.111, -0.058, 0.024, -0.072, 0.113, -0.622, 0.159, -0.614]}, {'Element': 'Na', 'Oxidation States': [0.942, 0.933]}]"
Na2S8-PC-vdw,Na2S8,,PC,-177.86455725102184,95.0,True,True,"[{'Element': 'S', 'Oxidation States': [-0.111, -0.058, 0.024, -0.072, 0.113, -0.622, 0.159, -0.614]}, {'Element': 'Na', 'Oxidation States': [0.942, 0.933]}]"
Na2S8-PC-vdw,Na2S8,,PC,-177.86456001450986,96.0,True,True,"[{'Element': 'S', 'Oxidation States': [-0.111, -0.058, 0.024, -0.072, 0.113, -0.622, 0.159, -0.614]}, {'Element': 'Na', 'Oxidation States': [0.942, 0.933]}]"
Na2S8-PC-vdw,Na2S8,,PC,-177.8645693157202,97.0,True,True,"[{'Element': 'S', 'Oxidation States': [-0.111, -0.058, 0.024, -0.072, 0.113, -0.622, 0.159, -0.614]}, {'Element': 'Na', 'Oxidation States': [0.942, 0.933]}]"
Na2S8-PC-vdw,Na2S8,,PC,-177.86458378387618,98.0,True,True,"[{'Element': 'S', 'Oxidation States': [-0.111, -0.058, 0.024, -0.072, 0.113, -0.622, 0.159, -0.614]}, {'Element': 'Na', 'Oxidation States': [0.942, 0.933]}]"
Na2S8-PC-vdw,Na2S8,,PC,-177.86458995882927,99.0,True,True,"[{'Element': 'S', 'Oxidation States': [-0.111, -0.058, 0.024, -0.072, 0.113, -0.622, 0.159, -0.614]}, {'Element': 'Na', 'Oxidation States': [0.942, 0.933]}]"
Na2S8-PC-vdw,Na2S8,,PC,-177.8645964241593,100.0,True,True,"[{'Element': 'S', 'Oxidation States': [-0.111, -0.058, 0.024, -0.072, 0.113, -0.622, 0.159, -0.614]}, {'Element': 'Na', 'Oxidation States': [0.942, 0.933]}]"
Na2S8-PC-vdw,Na2S8,,PC,-177.86460146545872,101.0,True,True,"[{'Element': 'S', 'Oxidation States': [-0.111, -0.058, 0.024, -0.072, 0.113, -0.622, 0.159, -0.614]}, {'Element': 'Na', 'Oxidation States': [0.942, 0.933]}]"
Na2S8-PC-vdw,Na2S8,,PC,-177.86460155920474,102.0,True,True,"[{'Element': 'S', 'Oxidation States': [-0.111, -0.058, 0.024, -0.072, 0.113, -0.622, 0.159, -0.614]}, {'Element': 'Na', 'Oxidation States': [0.942, 0.933]}]"
Na2S8-PC-vdw,Na2S8,,PC,-177.86460210750892,103.0,True,True,"[{'Element': 'S', 'Oxidation States': [-0.111, -0.058, 0.024, -0.072, 0.113, -0.622, 0.159, -0.614]}, {'Element': 'Na', 'Oxidation States': [0.942, 0.933]}]"
Na2S8-PC-vdw,Na2S8,,PC,-177.86382796664856,79.0,True,True,"[{'Element': 'S', 'Oxidation States': [-0.111, -0.058, 0.024, -0.072, 0.113, -0.622, 0.159, -0.614]}, {'Element': 'Na', 'Oxidation States': [0.942, 0.933]}]"
Na2S8-PC-vdw,Na2S8,,PC,-177.86373977878597,78.0,True,True,"[{'Element': 'S', 'Oxidation States': [-0.111, -0.058, 0.024, -0.072, 0.113, -0.622, 0.159, -0.614]}, {'Element': 'Na', 'Oxidation States': [0.942, 0.933]}]"
Na2S8-PC-vdw,Na2S8,,PC,-177.85830584884278,13.0,True,True,"[{'Element': 'S', 'Oxidation States': [-0.111, -0.058, 0.024, -0.072, 0.113, -0.622, 0.159, -0.614]}, {'Element': 'Na', 'Oxidation States': [0.942, 0.933]}]"
Na2S8-PC-vdw,Na2S8,,PC,-177.86373976493434,77.0,True,True,"[{'Element': 'S', 'Oxidation States': [-0.111, -0.058, 0.024, -0.072, 0.113, -0.622, 0.159, -0.614]}, {'Element': 'Na', 'Oxidation States': [0.942, 0.933]}]"
Na2S8-PC-vdw,Na2S8,,PC,-177.86352308281502,70.0,True,True,"[{'Element': 'S', 'Oxidation States': [-0.111, -0.058, 0.024, -0.072, 0.113, -0.622, 0.159, -0.614]}, {'Element': 'Na', 'Oxidation States': [0.942, 0.933]}]"
Na2S8-PC-vdw,Na2S8,,PC,-177.86343327613358,69.0,True,True,"[{'Element': 'S', 'Oxidation States': [-0.111, -0.058, 0.024, -0.072, 0.113, -0.622, 0.159, -0.614]}, {'Element': 'Na', 'Oxidation States': [0.942, 0.933]}]"
Na2S8-PC-vdw,Na2S8,,PC,-177.86337065380283,67.0,True,True,"[{'Element': 'S', 'Oxidation States': [-0.111, -0.058, 0.024, -0.072, 0.113, -0.622, 0.159, -0.614]}, {'Element': 'Na', 'Oxidation States': [0.942, 0.933]}]"
Na2S8-PC-vdw,Na2S8,,PC,-177.8633553088618,66.0,True,True,"[{'Element': 'S', 'Oxidation States': [-0.111, -0.058, 0.024, -0.072, 0.113, -0.622, 0.159, -0.614]}, {'Element': 'Na', 'Oxidation States': [0.942, 0.933]}]"
Na2S8-PC-vdw,Na2S8,,PC,-177.86331154501727,65.0,True,True,"[{'Element': 'S', 'Oxidation States': [-0.111, -0.058, 0.024, -0.072, 0.113, -0.622, 0.159, -0.614]}, {'Element': 'Na', 'Oxidation States': [0.942, 0.933]}]"
Na2S8-PC-vdw,Na2S8,,PC,-177.86330389373705,64.0,True,True,"[{'Element': 'S', 'Oxidation States': [-0.111, -0.058, 0.024, -0.072, 0.113, -0.622, 0.159, -0.614]}, {'Element': 'Na', 'Oxidation States': [0.942, 0.933]}]"
Na2S8-PC-vdw,Na2S8,,PC,-177.86328589006985,63.0,True,True,"[{'Element': 'S', 'Oxidation States': [-0.111, -0.058, 0.024, -0.072, 0.113, -0.622, 0.159, -0.614]}, {'Element': 'Na', 'Oxidation States': [0.942, 0.933]}]"
Na2S8-PC-vdw,Na2S8,,PC,-177.86325875336706,62.0,True,True,"[{'Element': 'S', 'Oxidation States': [-0.111, -0.058, 0.024, -0.072, 0.113, -0.622, 0.159, -0.614]}, {'Element': 'Na', 'Oxidation States': [0.942, 0.933]}]"
Na2S8-PC-vdw,Na2S8,,PC,-177.86324715191682,61.0,True,True,"[{'Element': 'S', 'Oxidation States': [-0.111, -0.058, 0.024, -0.072, 0.113, -0.622, 0.159, -0.614]}, {'Element': 'Na', 'Oxidation States': [0.942, 0.933]}]"
Na2S8-PC-vdw,Na2S8,,PC,-177.863230704681,60.0,True,True,"[{'Element': 'S', 'Oxidation States': [-0.111, -0.058, 0.024, -0.072, 0.113, -0.622, 0.159, -0.614]}, {'Element': 'Na', 'Oxidation States': [0.942, 0.933]}]"
Na2S8-PC-vdw,Na2S8,,PC,-177.86321753763647,59.0,True,True,"[{'Element': 'S', 'Oxidation States': [-0.111, -0.058, 0.024, -0.072, 0.113, -0.622, 0.159, -0.614]}, {'Element': 'Na', 'Oxidation States': [0.942, 0.933]}]"
Na2S8-PC-vdw,Na2S8,,PC,-177.86319892989547,58.0,True,True,"[{'Element': 'S', 'Oxidation States': [-0.111, -0.058, 0.024, -0.072, 0.113, -0.622, 0.159, -0.614]}, {'Element': 'Na', 'Oxidation States': [0.942, 0.933]}]"
Na2S8-PC-vdw,Na2S8,,PC,-177.86337527091035,68.0,True,True,"[{'Element': 'S', 'Oxidation States': [-0.111, -0.058, 0.024, -0.072, 0.113, -0.622, 0.159, -0.614]}, {'Element': 'Na', 'Oxidation States': [0.942, 0.933]}]"
Na2S8-PC-vdw,Na2S8,,PC,-177.86315858439525,56.0,True,True,"[{'Element': 'S', 'Oxidation States': [-0.111, -0.058, 0.024, -0.072, 0.113, -0.622, 0.159, -0.614]}, {'Element': 'Na', 'Oxidation States': [0.942, 0.933]}]"
Na2S8-PC-vdw,Na2S8,,PC,-177.86318492776905,57.0,True,True,"[{'Element': 'S', 'Oxidation States': [-0.111, -0.058, 0.024, -0.072, 0.113, -0.622, 0.159, -0.614]}, {'Element': 'Na', 'Oxidation States': [0.942, 0.933]}]"
Na2S8-PC-vdw,Na2S8,,PC,-177.8636954059838,75.0,True,True,"[{'Element': 'S', 'Oxidation States': [-0.111, -0.058, 0.024, -0.072, 0.113, -0.622, 0.159, -0.614]}, {'Element': 'Na', 'Oxidation States': [0.942, 0.933]}]"
Na2S8-PC-vdw,Na2S8,,PC,-177.86366697774176,74.0,True,True,"[{'Element': 'S', 'Oxidation States': [-0.111, -0.058, 0.024, -0.072, 0.113, -0.622, 0.159, -0.614]}, {'Element': 'Na', 'Oxidation States': [0.942, 0.933]}]"
Na2S8-PC-vdw,Na2S8,,PC,-177.86370225356058,76.0,True,True,"[{'Element': 'S', 'Oxidation States': [-0.111, -0.058, 0.024, -0.072, 0.113, -0.622, 0.159, -0.614]}, {'Element': 'Na', 'Oxidation States': [0.942, 0.933]}]"
Na2S8-PC-vdw,Na2S8,,PC,-177.86356976745168,72.0,True,True,"[{'Element': 'S', 'Oxidation States': [-0.111, -0.058, 0.024, -0.072, 0.113, -0.622, 0.159, -0.614]}, {'Element': 'Na', 'Oxidation States': [0.942, 0.933]}]"
Na2S8-PC-vdw,Na2S8,,PC,-177.86354568523157,71.0,True,True,"[{'Element': 'S', 'Oxidation States': [-0.111, -0.058, 0.024, -0.072, 0.113, -0.622, 0.159, -0.614]}, {'Element': 'Na', 'Oxidation States': [0.942, 0.933]}]"
Na2S8-PC-vdw,Na2S8,,PC,-177.86362139439194,73.0,True,True,"[{'Element': 'S', 'Oxidation States': [-0.111, -0.058, 0.024, -0.072, 0.113, -0.622, 0.159, -0.614]}, {'Element': 'Na', 'Oxidation States': [0.942, 0.933]}]"
Na2S8-PC-vdw,Na2S8,,PC,-177.86315593973856,55.0,True,True,"[{'Element': 'S', 'Oxidation States': [-0.111, -0.058, 0.024, -0.072, 0.113, -0.622, 0.159, -0.614]}, {'Element': 'Na', 'Oxidation States': [0.942, 0.933]}]"
Na2S8-PC-vdw,Na2S8,,PC,-177.8631123932464,54.0,True,True,"[{'Element': 'S', 'Oxidation States': [-0.111, -0.058, 0.024, -0.072, 0.113, -0.622, 0.159, -0.614]}, {'Element': 'Na', 'Oxidation States': [0.942, 0.933]}]"
Na2S8-PC-vdw,Na2S8,,PC,-177.86304686022555,53.0,True,True,"[{'Element': 'S', 'Oxidation States': [-0.111, -0.058, 0.024, -0.072, 0.113, -0.622, 0.159, -0.614]}, {'Element': 'Na', 'Oxidation States': [0.942, 0.933]}]"
Na2S8-PC-vdw,Na2S8,,PC,-177.86296226284344,52.0,True,True,"[{'Element': 'S', 'Oxidation States': [-0.111, -0.058, 0.024, -0.072, 0.113, -0.622, 0.159, -0.614]}, {'Element': 'Na', 'Oxidation States': [0.942, 0.933]}]"
Na2S8-PC-vdw-elecmin,Na2S8,,PC,-177.86467382909058,9.0,False,True,"[{'Element': 'S', 'Oxidation States': [-0.11, -0.055, 0.023, -0.074, 0.113, -0.623, 0.16, -0.615]}, {'Element': 'Na', 'Oxidation States': [0.943, 0.933]}]"
Na2S8-PC-vdw-elecmin,Na2S8,,PC,-177.86467632510016,10.0,False,True,"[{'Element': 'S', 'Oxidation States': [-0.11, -0.055, 0.023, -0.074, 0.113, -0.623, 0.16, -0.615]}, {'Element': 'Na', 'Oxidation States': [0.943, 0.933]}]"
Na2S8-PC-vdw-elecmin,Na2S8,,PC,-177.8646766019911,11.0,False,True,"[{'Element': 'S', 'Oxidation States': [-0.11, -0.055, 0.023, -0.074, 0.113, -0.623, 0.16, -0.615]}, {'Element': 'Na', 'Oxidation States': [0.943, 0.933]}]"
Na2S8-PC-vdw-elecmin,Na2S8,,PC,-177.8646021080786,0.0,False,True,"[{'Element': 'S', 'Oxidation States': [-0.11, -0.055, 0.023, -0.074, 0.113, -0.623, 0.16, -0.615]}, {'Element': 'Na', 'Oxidation States': [0.943, 0.933]}]"
Na2S8-PC-vdw-elecmin,Na2S8,,PC,-177.86467710537045,12.0,False,True,"[{'Element': 'S', 'Oxidation States': [-0.11, -0.055, 0.023, -0.074, 0.113, -0.623, 0.16, -0.615]}, {'Element': 'Na', 'Oxidation States': [0.943, 0.933]}]"
Na2S8-PC-vdw-elecmin,Na2S8,,PC,-177.86463113026966,2.0,False,True,"[{'Element': 'S', 'Oxidation States': [-0.11, -0.055, 0.023, -0.074, 0.113, -0.623, 0.16, -0.615]}, {'Element': 'Na', 'Oxidation States': [0.943, 0.933]}]"
Na2S8-PC-vdw-elecmin,Na2S8,,PC,-177.86464984111637,3.0,False,True,"[{'Element': 'S', 'Oxidation States': [-0.11, -0.055, 0.023, -0.074, 0.113, -0.623, 0.16, -0.615]}, {'Element': 'Na', 'Oxidation States': [0.943, 0.933]}]"
Na2S8-PC-vdw-elecmin,Na2S8,,PC,-177.86465564218108,4.0,False,True,"[{'Element': 'S', 'Oxidation States': [-0.11, -0.055, 0.023, -0.074, 0.113, -0.623, 0.16, -0.615]}, {'Element': 'Na', 'Oxidation States': [0.943, 0.933]}]"
Na2S8-PC-vdw-elecmin,Na2S8,,PC,-177.8646601974994,5.0,False,True,"[{'Element': 'S', 'Oxidation States': [-0.11, -0.055, 0.023, -0.074, 0.113, -0.623, 0.16, -0.615]}, {'Element': 'Na', 'Oxidation States': [0.943, 0.933]}]"
Na2S8-PC-vdw-elecmin,Na2S8,,PC,-177.86466020149842,6.0,False,True,"[{'Element': 'S', 'Oxidation States': [-0.11, -0.055, 0.023, -0.074, 0.113, -0.623, 0.16, -0.615]}, {'Element': 'Na', 'Oxidation States': [0.943, 0.933]}]"
Na2S8-PC-vdw-elecmin,Na2S8,,PC,-177.86466654899195,7.0,False,True,"[{'Element': 'S', 'Oxidation States': [-0.11, -0.055, 0.023, -0.074, 0.113, -0.623, 0.16, -0.615]}, {'Element': 'Na', 'Oxidation States': [0.943, 0.933]}]"
Na2S8-PC-vdw-elecmin,Na2S8,,PC,-177.86467172681,8.0,False,True,"[{'Element': 'S', 'Oxidation States': [-0.11, -0.055, 0.023, -0.074, 0.113, -0.623, 0.16, -0.615]}, {'Element': 'Na', 'Oxidation States': [0.943, 0.933]}]"
Na2S8-PC-vdw-elecmin,Na2S8,,PC,-177.86461945038133,1.0,False,True,"[{'Element': 'S', 'Oxidation States': [-0.11, -0.055, 0.023, -0.074, 0.113, -0.623, 0.16, -0.615]}, {'Element': 'Na', 'Oxidation States': [0.943, 0.933]}]"
Na2S8-elecmin,Na2S8,,Vacuum,-177.6560185433347,0.0,False,False,"[{'Element': 'S', 'Oxidation States': [-0.06, -0.015, -0.049, -0.148, 0.27, -0.415, 0.177, -0.522]}, {'Element': 'Na', 'Oxidation States': [0.731, 0.735]}]"
Na2S8-glyme,Na2S8,,Glyme,-177.70572911250093,128.0,True,False,"[{'Element': 'S', 'Oxidation States': [-0.017, 0.033, -0.012, 0.002, 0.107, -0.571, 0.082, -0.558]}, {'Element': 'Na', 'Oxidation States': [0.835, 0.805]}]"
Na2S8-glyme,Na2S8,,Glyme,-177.70557076996263,124.0,True,False,"[{'Element': 'S', 'Oxidation States': [-0.017, 0.033, -0.012, 0.002, 0.107, -0.571, 0.082, -0.558]}, {'Element': 'Na', 'Oxidation States': [0.835, 0.805]}]"
Na2S8-glyme,Na2S8,,Glyme,-177.70562315503307,125.0,True,False,"[{'Element': 'S', 'Oxidation States': [-0.017, 0.033, -0.012, 0.002, 0.107, -0.571, 0.082, -0.558]}, {'Element': 'Na', 'Oxidation States': [0.835, 0.805]}]"
Na2S8-glyme,Na2S8,,Glyme,-177.7056617560671,126.0,True,False,"[{'Element': 'S', 'Oxidation States': [-0.017, 0.033, -0.012, 0.002, 0.107, -0.571, 0.082, -0.558]}, {'Element': 'Na', 'Oxidation States': [0.835, 0.805]}]"
Na2S8-glyme,Na2S8,,Glyme,-177.70569449702916,127.0,True,False,"[{'Element': 'S', 'Oxidation States': [-0.017, 0.033, -0.012, 0.002, 0.107, -0.571, 0.082, -0.558]}, {'Element': 'Na', 'Oxidation States': [0.835, 0.805]}]"
Na2S8-glyme,Na2S8,,Glyme,-177.70576574873078,129.0,True,False,"[{'Element': 'S', 'Oxidation States': [-0.017, 0.033, -0.012, 0.002, 0.107, -0.571, 0.082, -0.558]}, {'Element': 'Na', 'Oxidation States': [0.835, 0.805]}]"
Na2S8-glyme,Na2S8,,Glyme,-177.70596717431627,136.0,True,False,"[{'Element': 'S', 'Oxidation States': [-0.017, 0.033, -0.012, 0.002, 0.107, -0.571, 0.082, -0.558]}, {'Element': 'Na', 'Oxidation States': [0.835, 0.805]}]"
Na2S8-glyme,Na2S8,,Glyme,-177.7058360723575,131.0,True,False,"[{'Element': 'S', 'Oxidation States': [-0.017, 0.033, -0.012, 0.002, 0.107, -0.571, 0.082, -0.558]}, {'Element': 'Na', 'Oxidation States': [0.835, 0.805]}]"
Na2S8-glyme,Na2S8,,Glyme,-177.70587398831515,132.0,True,False,"[{'Element': 'S', 'Oxidation States': [-0.017, 0.033, -0.012, 0.002, 0.107, -0.571, 0.082, -0.558]}, {'Element': 'Na', 'Oxidation States': [0.835, 0.805]}]"
Na2S8-glyme,Na2S8,,Glyme,-177.7059081152463,133.0,True,False,"[{'Element': 'S', 'Oxidation States': [-0.017, 0.033, -0.012, 0.002, 0.107, -0.571, 0.082, -0.558]}, {'Element': 'Na', 'Oxidation States': [0.835, 0.805]}]"
Na2S8-glyme,Na2S8,,Glyme,-177.70592934513218,134.0,True,False,"[{'Element': 'S', 'Oxidation States': [-0.017, 0.033, -0.012, 0.002, 0.107, -0.571, 0.082, -0.558]}, {'Element': 'Na', 'Oxidation States': [0.835, 0.805]}]"
Na2S8-glyme,Na2S8,,Glyme,-177.70594829268387,135.0,True,False,"[{'Element': 'S', 'Oxidation States': [-0.017, 0.033, -0.012, 0.002, 0.107, -0.571, 0.082, -0.558]}, {'Element': 'Na', 'Oxidation States': [0.835, 0.805]}]"
Na2S8-glyme,Na2S8,,Glyme,-177.70598774078329,137.0,True,False,"[{'Element': 'S', 'Oxidation States': [-0.017, 0.033, -0.012, 0.002, 0.107, -0.571, 0.082, -0.558]}, {'Element': 'Na', 'Oxidation States': [0.835, 0.805]}]"
Na2S8-glyme,Na2S8,,Glyme,-177.7058007795848,130.0,True,False,"[{'Element': 'S', 'Oxidation States': [-0.017, 0.033, -0.012, 0.002, 0.107, -0.571, 0.082, -0.558]}, {'Element': 'Na', 'Oxidation States': [0.835, 0.805]}]"
Na2S8-glyme,Na2S8,,Glyme,-177.70552214123282,123.0,True,False,"[{'Element': 'S', 'Oxidation States': [-0.017, 0.033, -0.012, 0.002, 0.107, -0.571, 0.082, -0.558]}, {'Element': 'Na', 'Oxidation States': [0.835, 0.805]}]"
Na2S8-glyme,Na2S8,,Glyme,-177.7051960301642,111.0,True,False,"[{'Element': 'S', 'Oxidation States': [-0.017, 0.033, -0.012, 0.002, 0.107, -0.571, 0.082, -0.558]}, {'Element': 'Na', 'Oxidation States': [0.835, 0.805]}]"
Na2S8-glyme,Na2S8,,Glyme,-177.7054418974568,121.0,True,False,"[{'Element': 'S', 'Oxidation States': [-0.017, 0.033, -0.012, 0.002, 0.107, -0.571, 0.082, -0.558]}, {'Element': 'Na', 'Oxidation States': [0.835, 0.805]}]"
Na2S8-glyme,Na2S8,,Glyme,-177.70601995617182,138.0,True,False,"[{'Element': 'S', 'Oxidation States': [-0.017, 0.033, -0.012, 0.002, 0.107, -0.571, 0.082, -0.558]}, {'Element': 'Na', 'Oxidation States': [0.835, 0.805]}]"
Na2S8-glyme,Na2S8,,Glyme,-177.70508347804142,107.0,True,False,"[{'Element': 'S', 'Oxidation States': [-0.017, 0.033, -0.012, 0.002, 0.107, -0.571, 0.082, -0.558]}, {'Element': 'Na', 'Oxidation States': [0.835, 0.805]}]"
Na2S8-glyme,Na2S8,,Glyme,-177.7051189035313,108.0,True,False,"[{'Element': 'S', 'Oxidation States': [-0.017, 0.033, -0.012, 0.002, 0.107, -0.571, 0.082, -0.558]}, {'Element': 'Na', 'Oxidation States': [0.835, 0.805]}]"
Na2S8-glyme,Na2S8,,Glyme,-177.70515277673513,109.0,True,False,"[{'Element': 'S', 'Oxidation States': [-0.017, 0.033, -0.012, 0.002, 0.107, -0.571, 0.082, -0.558]}, {'Element': 'Na', 'Oxidation States': [0.835, 0.805]}]"
Na2S8-glyme,Na2S8,,Glyme,-177.70517698711348,110.0,True,False,"[{'Element': 'S', 'Oxidation States': [-0.017, 0.033, -0.012, 0.002, 0.107, -0.571, 0.082, -0.558]}, {'Element': 'Na', 'Oxidation States': [0.835, 0.805]}]"
Na2S8-glyme,Na2S8,,Glyme,-177.70521619153286,112.0,True,False,"[{'Element': 'S', 'Oxidation States': [-0.017, 0.033, -0.012, 0.002, 0.107, -0.571, 0.082, -0.558]}, {'Element': 'Na', 'Oxidation States': [0.835, 0.805]}]"
Na2S8-glyme,Na2S8,,Glyme,-177.70547824577355,122.0,True,False,"[{'Element': 'S', 'Oxidation States': [-0.017, 0.033, -0.012, 0.002, 0.107, -0.571, 0.082, -0.558]}, {'Element': 'Na', 'Oxidation States': [0.835, 0.805]}]"
Na2S8-glyme,Na2S8,,Glyme,-177.7052363666218,113.0,True,False,"[{'Element': 'S', 'Oxidation States': [-0.017, 0.033, -0.012, 0.002, 0.107, -0.571, 0.082, -0.558]}, {'Element': 'Na', 'Oxidation States': [0.835, 0.805]}]"
Na2S8-glyme,Na2S8,,Glyme,-177.70527724892187,115.0,True,False,"[{'Element': 'S', 'Oxidation States': [-0.017, 0.033, -0.012, 0.002, 0.107, -0.571, 0.082, -0.558]}, {'Element': 'Na', 'Oxidation States': [0.835, 0.805]}]"
Na2S8-glyme,Na2S8,,Glyme,-177.70530266683943,116.0,True,False,"[{'Element': 'S', 'Oxidation States': [-0.017, 0.033, -0.012, 0.002, 0.107, -0.571, 0.082, -0.558]}, {'Element': 'Na', 'Oxidation States': [0.835, 0.805]}]"
Na2S8-glyme,Na2S8,,Glyme,-177.70532837333135,117.0,True,False,"[{'Element': 'S', 'Oxidation States': [-0.017, 0.033, -0.012, 0.002, 0.107, -0.571, 0.082, -0.558]}, {'Element': 'Na', 'Oxidation States': [0.835, 0.805]}]"
Na2S8-glyme,Na2S8,,Glyme,-177.70535634945225,118.0,True,False,"[{'Element': 'S', 'Oxidation States': [-0.017, 0.033, -0.012, 0.002, 0.107, -0.571, 0.082, -0.558]}, {'Element': 'Na', 'Oxidation States': [0.835, 0.805]}]"
Na2S8-glyme,Na2S8,,Glyme,-177.70538523524158,119.0,True,False,"[{'Element': 'S', 'Oxidation States': [-0.017, 0.033, -0.012, 0.002, 0.107, -0.571, 0.082, -0.558]}, {'Element': 'Na', 'Oxidation States': [0.835, 0.805]}]"
Na2S8-glyme,Na2S8,,Glyme,-177.7054157952724,120.0,True,False,"[{'Element': 'S', 'Oxidation States': [-0.017, 0.033, -0.012, 0.002, 0.107, -0.571, 0.082, -0.558]}, {'Element': 'Na', 'Oxidation States': [0.835, 0.805]}]"
Na2S8-glyme,Na2S8,,Glyme,-177.7052538534029,114.0,True,False,"[{'Element': 'S', 'Oxidation States': [-0.017, 0.033, -0.012, 0.002, 0.107, -0.571, 0.082, -0.558]}, {'Element': 'Na', 'Oxidation States': [0.835, 0.805]}]"
Na2S8-glyme,Na2S8,,Glyme,-177.70594178885028,139.0,True,False,"[{'Element': 'S', 'Oxidation States': [-0.017, 0.033, -0.012, 0.002, 0.107, -0.571, 0.082, -0.558]}, {'Element': 'Na', 'Oxidation States': [0.835, 0.805]}]"
Na2S8-glyme,Na2S8,,Glyme,-177.70720715614067,158.0,True,False,"[{'Element': 'S', 'Oxidation States': [-0.017, 0.033, -0.012, 0.002, 0.107, -0.571, 0.082, -0.558]}, {'Element': 'Na', 'Oxidation States': [0.835, 0.805]}]"
Na2S8-glyme,Na2S8,,Glyme,-177.70720751222643,141.0,True,False,"[{'Element': 'S', 'Oxidation States': [-0.017, 0.033, -0.012, 0.002, 0.107, -0.571, 0.082, -0.558]}, {'Element': 'Na', 'Oxidation States': [0.835, 0.805]}]"
Na2S8-glyme,Na2S8,,Glyme,-177.70723526914753,161.0,True,False,"[{'Element': 'S', 'Oxidation States': [-0.017, 0.033, -0.012, 0.002, 0.107, -0.571, 0.082, -0.558]}, {'Element': 'Na', 'Oxidation States': [0.835, 0.805]}]"
Na2S8-glyme,Na2S8,,Glyme,-177.70724603686386,162.0,True,False,"[{'Element': 'S', 'Oxidation States': [-0.017, 0.033, -0.012, 0.002, 0.107, -0.571, 0.082, -0.558]}, {'Element': 'Na', 'Oxidation States': [0.835, 0.805]}]"
Na2S8-glyme,Na2S8,,Glyme,-177.70725661303754,163.0,True,False,"[{'Element': 'S', 'Oxidation States': [-0.017, 0.033, -0.012, 0.002, 0.107, -0.571, 0.082, -0.558]}, {'Element': 'Na', 'Oxidation States': [0.835, 0.805]}]"
Na2S8-glyme,Na2S8,,Glyme,-177.7072222572009,164.0,True,False,"[{'Element': 'S', 'Oxidation States': [-0.017, 0.033, -0.012, 0.002, 0.107, -0.571, 0.082, -0.558]}, {'Element': 'Na', 'Oxidation States': [0.835, 0.805]}]"
Na2S8-glyme,Na2S8,,Glyme,-177.70726896569033,165.0,True,False,"[{'Element': 'S', 'Oxidation States': [-0.017, 0.033, -0.012, 0.002, 0.107, -0.571, 0.082, -0.558]}, {'Element': 'Na', 'Oxidation States': [0.835, 0.805]}]"
Na2S8-glyme,Na2S8,,Glyme,-177.70727507735023,166.0,True,False,"[{'Element': 'S', 'Oxidation States': [-0.017, 0.033, -0.012, 0.002, 0.107, -0.571, 0.082, -0.558]}, {'Element': 'Na', 'Oxidation States': [0.835, 0.805]}]"
Na2S8-glyme,Na2S8,,Glyme,-177.70728229083835,167.0,True,False,"[{'Element': 'S', 'Oxidation States': [-0.017, 0.033, -0.012, 0.002, 0.107, -0.571, 0.082, -0.558]}, {'Element': 'Na', 'Oxidation States': [0.835, 0.805]}]"
Na2S8-glyme,Na2S8,,Glyme,-177.70729684789578,168.0,True,False,"[{'Element': 'S', 'Oxidation States': [-0.017, 0.033, -0.012, 0.002, 0.107, -0.571, 0.082, -0.558]}, {'Element': 'Na', 'Oxidation States': [0.835, 0.805]}]"
Na2S8-glyme,Na2S8,,Glyme,-177.70730028512045,169.0,True,False,"[{'Element': 'S', 'Oxidation States': [-0.017, 0.033, -0.012, 0.002, 0.107, -0.571, 0.082, -0.558]}, {'Element': 'Na', 'Oxidation States': [0.835, 0.805]}]"
Na2S8-glyme,Na2S8,,Glyme,-177.70731668139484,170.0,True,False,"[{'Element': 'S', 'Oxidation States': [-0.017, 0.033, -0.012, 0.002, 0.107, -0.571, 0.082, -0.558]}, {'Element': 'Na', 'Oxidation States': [0.835, 0.805]}]"
Na2S8-glyme,Na2S8,,Glyme,-177.7073226022497,171.0,True,False,"[{'Element': 'S', 'Oxidation States': [-0.017, 0.033, -0.012, 0.002, 0.107, -0.571, 0.082, -0.558]}, {'Element': 'Na', 'Oxidation States': [0.835, 0.805]}]"
Na2S8-glyme,Na2S8,,Glyme,-177.70732629215854,172.0,True,False,"[{'Element': 'S', 'Oxidation States': [-0.017, 0.033, -0.012, 0.002, 0.107, -0.571, 0.082, -0.558]}, {'Element': 'Na', 'Oxidation States': [0.835, 0.805]}]"
Na2S8-glyme,Na2S8,,Glyme,-177.7073292020649,173.0,True,False,"[{'Element': 'S', 'Oxidation States': [-0.017, 0.033, -0.012, 0.002, 0.107, -0.571, 0.082, -0.558]}, {'Element': 'Na', 'Oxidation States': [0.835, 0.805]}]"
Na2S8-glyme,Na2S8,,Glyme,-177.7073300444027,174.0,True,False,"[{'Element': 'S', 'Oxidation States': [-0.017, 0.033, -0.012, 0.002, 0.107, -0.571, 0.082, -0.558]}, {'Element': 'Na', 'Oxidation States': [0.835, 0.805]}]"
Na2S8-glyme,Na2S8,,Glyme,-177.70733068180274,175.0,True,False,"[{'Element': 'S', 'Oxidation States': [-0.017, 0.033, -0.012, 0.002, 0.107, -0.571, 0.082, -0.558]}, {'Element': 'Na', 'Oxidation States': [0.835, 0.805]}]"
Na2S8-glyme,Na2S8,,Glyme,-177.70722289802046,160.0,True,False,"[{'Element': 'S', 'Oxidation States': [-0.017, 0.033, -0.012, 0.002, 0.107, -0.571, 0.082, -0.558]}, {'Element': 'Na', 'Oxidation States': [0.835, 0.805]}]"
Na2S8-glyme,Na2S8,,Glyme,-177.7060800240395,140.0,True,False,"[{'Element': 'S', 'Oxidation States': [-0.017, 0.033, -0.012, 0.002, 0.107, -0.571, 0.082, -0.558]}, {'Element': 'Na', 'Oxidation States': [0.835, 0.805]}]"
Na2S8-glyme,Na2S8,,Glyme,-177.7072132957714,159.0,True,False,"[{'Element': 'S', 'Oxidation States': [-0.017, 0.033, -0.012, 0.002, 0.107, -0.571, 0.082, -0.558]}, {'Element': 'Na', 'Oxidation States': [0.835, 0.805]}]"
Na2S8-glyme,Na2S8,,Glyme,-177.70719729031316,157.0,True,False,"[{'Element': 'S', 'Oxidation States': [-0.017, 0.033, -0.012, 0.002, 0.107, -0.571, 0.082, -0.558]}, {'Element': 'Na', 'Oxidation States': [0.835, 0.805]}]"
Na2S8-glyme,Na2S8,,Glyme,-177.70640401069414,142.0,True,False,"[{'Element': 'S', 'Oxidation States': [-0.017, 0.033, -0.012, 0.002, 0.107, -0.571, 0.082, -0.558]}, {'Element': 'Na', 'Oxidation States': [0.835, 0.805]}]"
Na2S8-glyme,Na2S8,,Glyme,-177.7060819771165,143.0,True,False,"[{'Element': 'S', 'Oxidation States': [-0.017, 0.033, -0.012, 0.002, 0.107, -0.571, 0.082, -0.558]}, {'Element': 'Na', 'Oxidation States': [0.835, 0.805]}]"
Na2S8-glyme,Na2S8,,Glyme,-177.70635688444492,144.0,True,False,"[{'Element': 'S', 'Oxidation States': [-0.017, 0.033, -0.012, 0.002, 0.107, -0.571, 0.082, -0.558]}, {'Element': 'Na', 'Oxidation States': [0.835, 0.805]}]"
Na2S8-glyme,Na2S8,,Glyme,-177.7065499795463,145.0,True,False,"[{'Element': 'S', 'Oxidation States': [-0.017, 0.033, -0.012, 0.002, 0.107, -0.571, 0.082, -0.558]}, {'Element': 'Na', 'Oxidation States': [0.835, 0.805]}]"
Na2S8-glyme,Na2S8,,Glyme,-177.70668696269496,146.0,True,False,"[{'Element': 'S', 'Oxidation States': [-0.017, 0.033, -0.012, 0.002, 0.107, -0.571, 0.082, -0.558]}, {'Element': 'Na', 'Oxidation States': [0.835, 0.805]}]"
Na2S8-glyme,Na2S8,,Glyme,-177.70679786689388,147.0,True,False,"[{'Element': 'S', 'Oxidation States': [-0.017, 0.033, -0.012, 0.002, 0.107, -0.571, 0.082, -0.558]}, {'Element': 'Na', 'Oxidation States': [0.835, 0.805]}]"
Na2S8-glyme,Na2S8,,Glyme,-177.70692779001394,148.0,True,False,"[{'Element': 'S', 'Oxidation States': [-0.017, 0.033, -0.012, 0.002, 0.107, -0.571, 0.082, -0.558]}, {'Element': 'Na', 'Oxidation States': [0.835, 0.805]}]"
Na2S8-glyme,Na2S8,,Glyme,-177.70699901741685,149.0,True,False,"[{'Element': 'S', 'Oxidation States': [-0.017, 0.033, -0.012, 0.002, 0.107, -0.571, 0.082, -0.558]}, {'Element': 'Na', 'Oxidation States': [0.835, 0.805]}]"
Na2S8-glyme,Na2S8,,Glyme,-177.70706203532956,150.0,True,False,"[{'Element': 'S', 'Oxidation States': [-0.017, 0.033, -0.012, 0.002, 0.107, -0.571, 0.082, -0.558]}, {'Element': 'Na', 'Oxidation States': [0.835, 0.805]}]"
Na2S8-glyme,Na2S8,,Glyme,-177.70711302987021,151.0,True,False,"[{'Element': 'S', 'Oxidation States': [-0.017, 0.033, -0.012, 0.002, 0.107, -0.571, 0.082, -0.558]}, {'Element': 'Na', 'Oxidation States': [0.835, 0.805]}]"
Na2S8-glyme,Na2S8,,Glyme,-177.70712946293207,152.0,True,False,"[{'Element': 'S', 'Oxidation States': [-0.017, 0.033, -0.012, 0.002, 0.107, -0.571, 0.082, -0.558]}, {'Element': 'Na', 'Oxidation States': [0.835, 0.805]}]"
Na2S8-glyme,Na2S8,,Glyme,-177.70715153261787,153.0,True,False,"[{'Element': 'S', 'Oxidation States': [-0.017, 0.033, -0.012, 0.002, 0.107, -0.571, 0.082, -0.558]}, {'Element': 'Na', 'Oxidation States': [0.835, 0.805]}]"
Na2S8-glyme,Na2S8,,Glyme,-177.70716435403799,154.0,True,False,"[{'Element': 'S', 'Oxidation States': [-0.017, 0.033, -0.012, 0.002, 0.107, -0.571, 0.082, -0.558]}, {'Element': 'Na', 'Oxidation States': [0.835, 0.805]}]"
Na2S8-glyme,Na2S8,,Glyme,-177.70717494049774,155.0,True,False,"[{'Element': 'S', 'Oxidation States': [-0.017, 0.033, -0.012, 0.002, 0.107, -0.571, 0.082, -0.558]}, {'Element': 'Na', 'Oxidation States': [0.835, 0.805]}]"
Na2S8-glyme,Na2S8,,Glyme,-177.7071855014232,156.0,True,False,"[{'Element': 'S', 'Oxidation States': [-0.017, 0.033, -0.012, 0.002, 0.107, -0.571, 0.082, -0.558]}, {'Element': 'Na', 'Oxidation States': [0.835, 0.805]}]"
Na2S8-glyme,Na2S8,,Glyme,-177.7050510649355,106.0,True,False,"[{'Element': 'S', 'Oxidation States': [-0.017, 0.033, -0.012, 0.002, 0.107, -0.571, 0.082, -0.558]}, {'Element': 'Na', 'Oxidation States': [0.835, 0.805]}]"
Na2S8-glyme,Na2S8,,Glyme,-177.7050196397139,105.0,True,False,"[{'Element': 'S', 'Oxidation States': [-0.017, 0.033, -0.012, 0.002, 0.107, -0.571, 0.082, -0.558]}, {'Element': 'Na', 'Oxidation States': [0.835, 0.805]}]"
Na2S8-glyme,Na2S8,,Glyme,-177.7047892982169,100.0,True,False,"[{'Element': 'S', 'Oxidation States': [-0.017, 0.033, -0.012, 0.002, 0.107, -0.571, 0.082, -0.558]}, {'Element': 'Na', 'Oxidation States': [0.835, 0.805]}]"
Na2S8-glyme,Na2S8,,Glyme,-177.7049531941267,103.0,True,False,"[{'Element': 'S', 'Oxidation States': [-0.017, 0.033, -0.012, 0.002, 0.107, -0.571, 0.082, -0.558]}, {'Element': 'Na', 'Oxidation States': [0.835, 0.805]}]"
Na2S8-glyme,Na2S8,,Glyme,-177.6962076338121,26.0,True,False,"[{'Element': 'S', 'Oxidation States': [-0.017, 0.033, -0.012, 0.002, 0.107, -0.571, 0.082, -0.558]}, {'Element': 'Na', 'Oxidation States': [0.835, 0.805]}]"
Na2S8-glyme,Na2S8,,Glyme,-177.696335762851,27.0,True,False,"[{'Element': 'S', 'Oxidation States': [-0.017, 0.033, -0.012, 0.002, 0.107, -0.571, 0.082, -0.558]}, {'Element': 'Na', 'Oxidation States': [0.835, 0.805]}]"
Na2S8-glyme,Na2S8,,Glyme,-177.69638974551796,28.0,True,False,"[{'Element': 'S', 'Oxidation States': [-0.017, 0.033, -0.012, 0.002, 0.107, -0.571, 0.082, -0.558]}, {'Element': 'Na', 'Oxidation States': [0.835, 0.805]}]"
Na2S8-glyme,Na2S8,,Glyme,-177.6964634746201,29.0,True,False,"[{'Element': 'S', 'Oxidation States': [-0.017, 0.033, -0.012, 0.002, 0.107, -0.571, 0.082, -0.558]}, {'Element': 'Na', 'Oxidation States': [0.835, 0.805]}]"
Na2S8-glyme,Na2S8,,Glyme,-177.6965378417765,30.0,True,False,"[{'Element': 'S', 'Oxidation States': [-0.017, 0.033, -0.012, 0.002, 0.107, -0.571, 0.082, -0.558]}, {'Element': 'Na', 'Oxidation States': [0.835, 0.805]}]"
Na2S8-glyme,Na2S8,,Glyme,-177.69657278452166,31.0,True,False,"[{'Element': 'S', 'Oxidation States': [-0.017, 0.033, -0.012, 0.002, 0.107, -0.571, 0.082, -0.558]}, {'Element': 'Na', 'Oxidation States': [0.835, 0.805]}]"
Na2S8-glyme,Na2S8,,Glyme,-177.69660042957446,32.0,True,False,"[{'Element': 'S', 'Oxidation States': [-0.017, 0.033, -0.012, 0.002, 0.107, -0.571, 0.082, -0.558]}, {'Element': 'Na', 'Oxidation States': [0.835, 0.805]}]"
Na2S8-glyme,Na2S8,,Glyme,-177.69662171399298,33.0,True,False,"[{'Element': 'S', 'Oxidation States': [-0.017, 0.033, -0.012, 0.002, 0.107, -0.571, 0.082, -0.558]}, {'Element': 'Na', 'Oxidation States': [0.835, 0.805]}]"
Na2S8-glyme,Na2S8,,Glyme,-177.69664877861067,34.0,True,False,"[{'Element': 'S', 'Oxidation States': [-0.017, 0.033, -0.012, 0.002, 0.107, -0.571, 0.082, -0.558]}, {'Element': 'Na', 'Oxidation States': [0.835, 0.805]}]"
Na2S8-glyme,Na2S8,,Glyme,-177.69670310179112,35.0,True,False,"[{'Element': 'S', 'Oxidation States': [-0.017, 0.033, -0.012, 0.002, 0.107, -0.571, 0.082, -0.558]}, {'Element': 'Na', 'Oxidation States': [0.835, 0.805]}]"
Na2S8-glyme,Na2S8,,Glyme,-177.69590063299162,25.0,True,False,"[{'Element': 'S', 'Oxidation States': [-0.017, 0.033, -0.012, 0.002, 0.107, -0.571, 0.082, -0.558]}, {'Element': 'Na', 'Oxidation States': [0.835, 0.805]}]"
Na2S8-glyme,Na2S8,,Glyme,-177.69676397017508,36.0,True,False,"[{'Element': 'S', 'Oxidation States': [-0.017, 0.033, -0.012, 0.002, 0.107, -0.571, 0.082, -0.558]}, {'Element': 'Na', 'Oxidation States': [0.835, 0.805]}]"
Na2S8-glyme,Na2S8,,Glyme,-177.69685024968152,38.0,True,False,"[{'Element': 'S', 'Oxidation States': [-0.017, 0.033, -0.012, 0.002, 0.107, -0.571, 0.082, -0.558]}, {'Element': 'Na', 'Oxidation States': [0.835, 0.805]}]"
Na2S8-glyme,Na2S8,,Glyme,-177.69690701243283,39.0,True,False,"[{'Element': 'S', 'Oxidation States': [-0.017, 0.033, -0.012, 0.002, 0.107, -0.571, 0.082, -0.558]}, {'Element': 'Na', 'Oxidation States': [0.835, 0.805]}]"
Na2S8-glyme,Na2S8,,Glyme,-177.69701109490939,40.0,True,False,"[{'Element': 'S', 'Oxidation States': [-0.017, 0.033, -0.012, 0.002, 0.107, -0.571, 0.082, -0.558]}, {'Element': 'Na', 'Oxidation States': [0.835, 0.805]}]"
Na2S8-glyme,Na2S8,,Glyme,-177.69766623830174,41.0,True,False,"[{'Element': 'S', 'Oxidation States': [-0.017, 0.033, -0.012, 0.002, 0.107, -0.571, 0.082, -0.558]}, {'Element': 'Na', 'Oxidation States': [0.835, 0.805]}]"
Na2S8-glyme,Na2S8,,Glyme,-177.6971087157699,42.0,True,False,"[{'Element': 'S', 'Oxidation States': [-0.017, 0.033, -0.012, 0.002, 0.107, -0.571, 0.082, -0.558]}, {'Element': 'Na', 'Oxidation States': [0.835, 0.805]}]"
Na2S8-glyme,Na2S8,,Glyme,-177.69756742431431,43.0,True,False,"[{'Element': 'S', 'Oxidation States': [-0.017, 0.033, -0.012, 0.002, 0.107, -0.571, 0.082, -0.558]}, {'Element': 'Na', 'Oxidation States': [0.835, 0.805]}]"
Na2S8-glyme,Na2S8,,Glyme,-177.6979595796737,44.0,True,False,"[{'Element': 'S', 'Oxidation States': [-0.017, 0.033, -0.012, 0.002, 0.107, -0.571, 0.082, -0.558]}, {'Element': 'Na', 'Oxidation States': [0.835, 0.805]}]"
Na2S8-glyme,Na2S8,,Glyme,-177.69827474768664,45.0,True,False,"[{'Element': 'S', 'Oxidation States': [-0.017, 0.033, -0.012, 0.002, 0.107, -0.571, 0.082, -0.558]}, {'Element': 'Na', 'Oxidation States': [0.835, 0.805]}]"
Na2S8-glyme,Na2S8,,Glyme,-177.6987314550541,46.0,True,False,"[{'Element': 'S', 'Oxidation States': [-0.017, 0.033, -0.012, 0.002, 0.107, -0.571, 0.082, -0.558]}, {'Element': 'Na', 'Oxidation States': [0.835, 0.805]}]"
Na2S8-glyme,Na2S8,,Glyme,-177.69900672683258,47.0,True,False,"[{'Element': 'S', 'Oxidation States': [-0.017, 0.033, -0.012, 0.002, 0.107, -0.571, 0.082, -0.558]}, {'Element': 'Na', 'Oxidation States': [0.835, 0.805]}]"
Na2S8-glyme,Na2S8,,Glyme,-177.69679492930396,37.0,True,False,"[{'Element': 'S', 'Oxidation States': [-0.017, 0.033, -0.012, 0.002, 0.107, -0.571, 0.082, -0.558]}, {'Element': 'Na', 'Oxidation States': [0.835, 0.805]}]"
Na2S8-glyme,Na2S8,,Glyme,-177.69923091878016,48.0,True,False,"[{'Element': 'S', 'Oxidation States': [-0.017, 0.033, -0.012, 0.002, 0.107, -0.571, 0.082, -0.558]}, {'Element': 'Na', 'Oxidation States': [0.835, 0.805]}]"
Na2S8-glyme,Na2S8,,Glyme,-177.69562081742552,24.0,True,False,"[{'Element': 'S', 'Oxidation States': [-0.017, 0.033, -0.012, 0.002, 0.107, -0.571, 0.082, -0.558]}, {'Element': 'Na', 'Oxidation States': [0.835, 0.805]}]"
Na2S8-glyme,Na2S8,,Glyme,-177.69546367324148,22.0,True,False,"[{'Element': 'S', 'Oxidation States': [-0.017, 0.033, -0.012, 0.002, 0.107, -0.571, 0.082, -0.558]}, {'Element': 'Na', 'Oxidation States': [0.835, 0.805]}]"
Na2S8-glyme,Na2S8,,Glyme,-177.68923099979668,0.0,True,False,"[{'Element': 'S', 'Oxidation States': [-0.017, 0.033, -0.012, 0.002, 0.107, -0.571, 0.082, -0.558]}, {'Element': 'Na', 'Oxidation States': [0.835, 0.805]}]"
Na2S8-glyme,Na2S8,,Glyme,-177.69074282776037,1.0,True,False,"[{'Element': 'S', 'Oxidation States': [-0.017, 0.033, -0.012, 0.002, 0.107, -0.571, 0.082, -0.558]}, {'Element': 'Na', 'Oxidation States': [0.835, 0.805]}]"
Na2S8-glyme,Na2S8,,Glyme,-177.6925430620454,2.0,True,False,"[{'Element': 'S', 'Oxidation States': [-0.017, 0.033, -0.012, 0.002, 0.107, -0.571, 0.082, -0.558]}, {'Element': 'Na', 'Oxidation States': [0.835, 0.805]}]"
Na2S8-glyme,Na2S8,,Glyme,-177.69301521139528,3.0,True,False,"[{'Element': 'S', 'Oxidation States': [-0.017, 0.033, -0.012, 0.002, 0.107, -0.571, 0.082, -0.558]}, {'Element': 'Na', 'Oxidation States': [0.835, 0.805]}]"
Na2S8-glyme,Na2S8,,Glyme,-177.69361611535288,4.0,True,False,"[{'Element': 'S', 'Oxidation States': [-0.017, 0.033, -0.012, 0.002, 0.107, -0.571, 0.082, -0.558]}, {'Element': 'Na', 'Oxidation States': [0.835, 0.805]}]"
Na2S8-glyme,Na2S8,,Glyme,-177.6938127437302,5.0,True,False,"[{'Element': 'S', 'Oxidation States': [-0.017, 0.033, -0.012, 0.002, 0.107, -0.571, 0.082, -0.558]}, {'Element': 'Na', 'Oxidation States': [0.835, 0.805]}]"
Na2S8-glyme,Na2S8,,Glyme,-177.69418369329964,6.0,True,False,"[{'Element': 'S', 'Oxidation States': [-0.017, 0.033, -0.012, 0.002, 0.107, -0.571, 0.082, -0.558]}, {'Element': 'Na', 'Oxidation States': [0.835, 0.805]}]"
Na2S8-glyme,Na2S8,,Glyme,-177.694275567885,7.0,True,False,"[{'Element': 'S', 'Oxidation States': [-0.017, 0.033, -0.012, 0.002, 0.107, -0.571, 0.082, -0.558]}, {'Element': 'Na', 'Oxidation States': [0.835, 0.805]}]"
Na2S8-glyme,Na2S8,,Glyme,-177.69433426600435,8.0,True,False,"[{'Element': 'S', 'Oxidation States': [-0.017, 0.033, -0.012, 0.002, 0.107, -0.571, 0.082, -0.558]}, {'Element': 'Na', 'Oxidation States': [0.835, 0.805]}]"
Na2S8-glyme,Na2S8,,Glyme,-177.6943963357304,9.0,True,False,"[{'Element': 'S', 'Oxidation States': [-0.017, 0.033, -0.012, 0.002, 0.107, -0.571, 0.082, -0.558]}, {'Element': 'Na', 'Oxidation States': [0.835, 0.805]}]"
Na2S8-glyme,Na2S8,,Glyme,-177.69556466921784,23.0,True,False,"[{'Element': 'S', 'Oxidation States': [-0.017, 0.033, -0.012, 0.002, 0.107, -0.571, 0.082, -0.558]}, {'Element': 'Na', 'Oxidation States': [0.835, 0.805]}]"
Na2S8-glyme,Na2S8,,Glyme,-177.69448538762953,10.0,True,False,"[{'Element': 'S', 'Oxidation States': [-0.017, 0.033, -0.012, 0.002, 0.107, -0.571, 0.082, -0.558]}, {'Element': 'Na', 'Oxidation States': [0.835, 0.805]}]"
Na2S8-glyme,Na2S8,,Glyme,-177.6945881829257,12.0,True,False,"[{'Element': 'S', 'Oxidation States': [-0.017, 0.033, -0.012, 0.002, 0.107, -0.571, 0.082, -0.558]}, {'Element': 'Na', 'Oxidation States': [0.835, 0.805]}]"
Na2S8-glyme,Na2S8,,Glyme,-177.6946836877315,13.0,True,False,"[{'Element': 'S', 'Oxidation States': [-0.017, 0.033, -0.012, 0.002, 0.107, -0.571, 0.082, -0.558]}, {'Element': 'Na', 'Oxidation States': [0.835, 0.805]}]"
Na2S8-glyme,Na2S8,,Glyme,-177.69475901288428,14.0,True,False,"[{'Element': 'S', 'Oxidation States': [-0.017, 0.033, -0.012, 0.002, 0.107, -0.571, 0.082, -0.558]}, {'Element': 'Na', 'Oxidation States': [0.835, 0.805]}]"
Na2S8-glyme,Na2S8,,Glyme,-177.69478690901764,15.0,True,False,"[{'Element': 'S', 'Oxidation States': [-0.017, 0.033, -0.012, 0.002, 0.107, -0.571, 0.082, -0.558]}, {'Element': 'Na', 'Oxidation States': [0.835, 0.805]}]"
Na2S8-glyme,Na2S8,,Glyme,-177.69484413259025,16.0,True,False,"[{'Element': 'S', 'Oxidation States': [-0.017, 0.033, -0.012, 0.002, 0.107, -0.571, 0.082, -0.558]}, {'Element': 'Na', 'Oxidation States': [0.835, 0.805]}]"
Na2S8-glyme,Na2S8,,Glyme,-177.6949275215697,17.0,True,False,"[{'Element': 'S', 'Oxidation States': [-0.017, 0.033, -0.012, 0.002, 0.107, -0.571, 0.082, -0.558]}, {'Element': 'Na', 'Oxidation States': [0.835, 0.805]}]"
Na2S8-glyme,Na2S8,,Glyme,-177.69500898375435,18.0,True,False,"[{'Element': 'S', 'Oxidation States': [-0.017, 0.033, -0.012, 0.002, 0.107, -0.571, 0.082, -0.558]}, {'Element': 'Na', 'Oxidation States': [0.835, 0.805]}]"
Na2S8-glyme,Na2S8,,Glyme,-177.69506096913517,19.0,True,False,"[{'Element': 'S', 'Oxidation States': [-0.017, 0.033, -0.012, 0.002, 0.107, -0.571, 0.082, -0.558]}, {'Element': 'Na', 'Oxidation States': [0.835, 0.805]}]"
Na2S8-glyme,Na2S8,,Glyme,-177.69515392875442,20.0,True,False,"[{'Element': 'S', 'Oxidation States': [-0.017, 0.033, -0.012, 0.002, 0.107, -0.571, 0.082, -0.558]}, {'Element': 'Na', 'Oxidation States': [0.835, 0.805]}]"
Na2S8-glyme,Na2S8,,Glyme,-177.69535919650724,21.0,True,False,"[{'Element': 'S', 'Oxidation States': [-0.017, 0.033, -0.012, 0.002, 0.107, -0.571, 0.082, -0.558]}, {'Element': 'Na', 'Oxidation States': [0.835, 0.805]}]"
Na2S8-glyme,Na2S8,,Glyme,-177.6945404502223,11.0,True,False,"[{'Element': 'S', 'Oxidation States': [-0.017, 0.033, -0.012, 0.002, 0.107, -0.571, 0.082, -0.558]}, {'Element': 'Na', 'Oxidation States': [0.835, 0.805]}]"
Na2S8-glyme,Na2S8,,Glyme,-177.69959229954515,49.0,True,False,"[{'Element': 'S', 'Oxidation States': [-0.017, 0.033, -0.012, 0.002, 0.107, -0.571, 0.082, -0.558]}, {'Element': 'Na', 'Oxidation States': [0.835, 0.805]}]"
Na2S8-glyme,Na2S8,,Glyme,-177.69992811975843,50.0,True,False,"[{'Element': 'S', 'Oxidation States': [-0.017, 0.033, -0.012, 0.002, 0.107, -0.571, 0.082, -0.558]}, {'Element': 'Na', 'Oxidation States': [0.835, 0.805]}]"
Na2S8-glyme,Na2S8,,Glyme,-177.70058329540996,51.0,True,False,"[{'Element': 'S', 'Oxidation States': [-0.017, 0.033, -0.012, 0.002, 0.107, -0.571, 0.082, -0.558]}, {'Element': 'Na', 'Oxidation States': [0.835, 0.805]}]"
Na2S8-glyme,Na2S8,,Glyme,-177.70343849302895,79.0,True,False,"[{'Element': 'S', 'Oxidation States': [-0.017, 0.033, -0.012, 0.002, 0.107, -0.571, 0.082, -0.558]}, {'Element': 'Na', 'Oxidation States': [0.835, 0.805]}]"
Na2S8-glyme,Na2S8,,Glyme,-177.70347654995814,80.0,True,False,"[{'Element': 'S', 'Oxidation States': [-0.017, 0.033, -0.012, 0.002, 0.107, -0.571, 0.082, -0.558]}, {'Element': 'Na', 'Oxidation States': [0.835, 0.805]}]"
Na2S8-glyme,Na2S8,,Glyme,-177.70352150230948,81.0,True,False,"[{'Element': 'S', 'Oxidation States': [-0.017, 0.033, -0.012, 0.002, 0.107, -0.571, 0.082, -0.558]}, {'Element': 'Na', 'Oxidation States': [0.835, 0.805]}]"
Na2S8-glyme,Na2S8,,Glyme,-177.70356999960757,82.0,True,False,"[{'Element': 'S', 'Oxidation States': [-0.017, 0.033, -0.012, 0.002, 0.107, -0.571, 0.082, -0.558]}, {'Element': 'Na', 'Oxidation States': [0.835, 0.805]}]"
Na2S8-glyme,Na2S8,,Glyme,-177.7036390474873,83.0,True,False,"[{'Element': 'S', 'Oxidation States': [-0.017, 0.033, -0.012, 0.002, 0.107, -0.571, 0.082, -0.558]}, {'Element': 'Na', 'Oxidation States': [0.835, 0.805]}]"
Na2S8-glyme,Na2S8,,Glyme,-177.70371995613243,84.0,True,False,"[{'Element': 'S', 'Oxidation States': [-0.017, 0.033, -0.012, 0.002, 0.107, -0.571, 0.082, -0.558]}, {'Element': 'Na', 'Oxidation States': [0.835, 0.805]}]"
Na2S8-glyme,Na2S8,,Glyme,-177.70380601885716,85.0,True,False,"[{'Element': 'S', 'Oxidation States': [-0.017, 0.033, -0.012, 0.002, 0.107, -0.571, 0.082, -0.558]}, {'Element': 'Na', 'Oxidation States': [0.835, 0.805]}]"
Na2S8-glyme,Na2S8,,Glyme,-177.70393414801546,87.0,True,False,"[{'Element': 'S', 'Oxidation States': [-0.017, 0.033, -0.012, 0.002, 0.107, -0.571, 0.082, -0.558]}, {'Element': 'Na', 'Oxidation States': [0.835, 0.805]}]"
Na2S8-glyme,Na2S8,,Glyme,-177.7040015783481,88.0,True,False,"[{'Element': 'S', 'Oxidation States': [-0.017, 0.033, -0.012, 0.002, 0.107, -0.571, 0.082, -0.558]}, {'Element': 'Na', 'Oxidation States': [0.835, 0.805]}]"
Na2S8-glyme,Na2S8,,Glyme,-177.70408539321932,89.0,True,False,"[{'Element': 'S', 'Oxidation States': [-0.017, 0.033, -0.012, 0.002, 0.107, -0.571, 0.082, -0.558]}, {'Element': 'Na', 'Oxidation States': [0.835, 0.805]}]"
Na2S8-glyme,Na2S8,,Glyme,-177.70339705607302,78.0,True,False,"[{'Element': 'S', 'Oxidation States': [-0.017, 0.033, -0.012, 0.002, 0.107, -0.571, 0.082, -0.558]}, {'Element': 'Na', 'Oxidation States': [0.835, 0.805]}]"
Na2S8-glyme,Na2S8,,Glyme,-177.70415152486055,90.0,True,False,"[{'Element': 'S', 'Oxidation States': [-0.017, 0.033, -0.012, 0.002, 0.107, -0.571, 0.082, -0.558]}, {'Element': 'Na', 'Oxidation States': [0.835, 0.805]}]"
Na2S8-glyme,Na2S8,,Glyme,-177.70431055727784,92.0,True,False,"[{'Element': 'S', 'Oxidation States': [-0.017, 0.033, -0.012, 0.002, 0.107, -0.571, 0.082, -0.558]}, {'Element': 'Na', 'Oxidation States': [0.835, 0.805]}]"
Na2S8-glyme,Na2S8,,Glyme,-177.70439910748928,93.0,True,False,"[{'Element': 'S', 'Oxidation States': [-0.017, 0.033, -0.012, 0.002, 0.107, -0.571, 0.082, -0.558]}, {'Element': 'Na', 'Oxidation States': [0.835, 0.805]}]"
Na2S8-glyme,Na2S8,,Glyme,-177.7044656568542,94.0,True,False,"[{'Element': 'S', 'Oxidation States': [-0.017, 0.033, -0.012, 0.002, 0.107, -0.571, 0.082, -0.558]}, {'Element': 'Na', 'Oxidation States': [0.835, 0.805]}]"
Na2S8-glyme,Na2S8,,Glyme,-177.70451834858358,95.0,True,False,"[{'Element': 'S', 'Oxidation States': [-0.017, 0.033, -0.012, 0.002, 0.107, -0.571, 0.082, -0.558]}, {'Element': 'Na', 'Oxidation States': [0.835, 0.805]}]"
Na2S8-glyme,Na2S8,,Glyme,-177.7045703772872,96.0,True,False,"[{'Element': 'S', 'Oxidation States': [-0.017, 0.033, -0.012, 0.002, 0.107, -0.571, 0.082, -0.558]}, {'Element': 'Na', 'Oxidation States': [0.835, 0.805]}]"
Na2S8-glyme,Na2S8,,Glyme,-177.70462764896,97.0,True,False,"[{'Element': 'S', 'Oxidation States': [-0.017, 0.033, -0.012, 0.002, 0.107, -0.571, 0.082, -0.558]}, {'Element': 'Na', 'Oxidation States': [0.835, 0.805]}]"
Na2S8-glyme,Na2S8,,Glyme,-177.70468110165558,98.0,True,False,"[{'Element': 'S', 'Oxidation States': [-0.017, 0.033, -0.012, 0.002, 0.107, -0.571, 0.082, -0.558]}, {'Element': 'Na', 'Oxidation States': [0.835, 0.805]}]"
Na2S8-glyme,Na2S8,,Glyme,-177.7047340699251,99.0,True,False,"[{'Element': 'S', 'Oxidation States': [-0.017, 0.033, -0.012, 0.002, 0.107, -0.571, 0.082, -0.558]}, {'Element': 'Na', 'Oxidation States': [0.835, 0.805]}]"
Na2S8-glyme,Na2S8,,Glyme,-177.70485806560677,101.0,True,False,"[{'Element': 'S', 'Oxidation States': [-0.017, 0.033, -0.012, 0.002, 0.107, -0.571, 0.082, -0.558]}, {'Element': 'Na', 'Oxidation States': [0.835, 0.805]}]"
Na2S8-glyme,Na2S8,,Glyme,-177.70492301762596,102.0,True,False,"[{'Element': 'S', 'Oxidation States': [-0.017, 0.033, -0.012, 0.002, 0.107, -0.571, 0.082, -0.558]}, {'Element': 'Na', 'Oxidation States': [0.835, 0.805]}]"
Na2S8-glyme,Na2S8,,Glyme,-177.70422285813686,91.0,True,False,"[{'Element': 'S', 'Oxidation States': [-0.017, 0.033, -0.012, 0.002, 0.107, -0.571, 0.082, -0.558]}, {'Element': 'Na', 'Oxidation States': [0.835, 0.805]}]"
Na2S8-glyme,Na2S8,,Glyme,-177.7033345981521,77.0,True,False,"[{'Element': 'S', 'Oxidation States': [-0.017, 0.033, -0.012, 0.002, 0.107, -0.571, 0.082, -0.558]}, {'Element': 'Na', 'Oxidation States': [0.835, 0.805]}]"
Na2S8-glyme,Na2S8,,Glyme,-177.70326376234033,76.0,True,False,"[{'Element': 'S', 'Oxidation States': [-0.017, 0.033, -0.012, 0.002, 0.107, -0.571, 0.082, -0.558]}, {'Element': 'Na', 'Oxidation States': [0.835, 0.805]}]"
Na2S8-glyme,Na2S8,,Glyme,-177.70316771080925,75.0,True,False,"[{'Element': 'S', 'Oxidation States': [-0.017, 0.033, -0.012, 0.002, 0.107, -0.571, 0.082, -0.558]}, {'Element': 'Na', 'Oxidation States': [0.835, 0.805]}]"
Na2S8-glyme,Na2S8,,Glyme,-177.70098003908734,52.0,True,False,"[{'Element': 'S', 'Oxidation States': [-0.017, 0.033, -0.012, 0.002, 0.107, -0.571, 0.082, -0.558]}, {'Element': 'Na', 'Oxidation States': [0.835, 0.805]}]"
Na2S8-glyme,Na2S8,,Glyme,-177.70151217986398,53.0,True,False,"[{'Element': 'S', 'Oxidation States': [-0.017, 0.033, -0.012, 0.002, 0.107, -0.571, 0.082, -0.558]}, {'Element': 'Na', 'Oxidation States': [0.835, 0.805]}]"
Na2S8-glyme,Na2S8,,Glyme,-177.7017058277034,54.0,True,False,"[{'Element': 'S', 'Oxidation States': [-0.017, 0.033, -0.012, 0.002, 0.107, -0.571, 0.082, -0.558]}, {'Element': 'Na', 'Oxidation States': [0.835, 0.805]}]"
Na2S8-glyme,Na2S8,,Glyme,-177.70179684786595,55.0,True,False,"[{'Element': 'S', 'Oxidation States': [-0.017, 0.033, -0.012, 0.002, 0.107, -0.571, 0.082, -0.558]}, {'Element': 'Na', 'Oxidation States': [0.835, 0.805]}]"
Na2S8-glyme,Na2S8,,Glyme,-177.70186070379623,56.0,True,False,"[{'Element': 'S', 'Oxidation States': [-0.017, 0.033, -0.012, 0.002, 0.107, -0.571, 0.082, -0.558]}, {'Element': 'Na', 'Oxidation States': [0.835, 0.805]}]"
Na2S8-glyme,Na2S8,,Glyme,-177.701906011203,57.0,True,False,"[{'Element': 'S', 'Oxidation States': [-0.017, 0.033, -0.012, 0.002, 0.107, -0.571, 0.082, -0.558]}, {'Element': 'Na', 'Oxidation States': [0.835, 0.805]}]"
Na2S8-glyme,Na2S8,,Glyme,-177.7019472546272,58.0,True,False,"[{'Element': 'S', 'Oxidation States': [-0.017, 0.033, -0.012, 0.002, 0.107, -0.571, 0.082, -0.558]}, {'Element': 'Na', 'Oxidation States': [0.835, 0.805]}]"
Na2S8-glyme,Na2S8,,Glyme,-177.70199193948616,59.0,True,False,"[{'Element': 'S', 'Oxidation States': [-0.017, 0.033, -0.012, 0.002, 0.107, -0.571, 0.082, -0.558]}, {'Element': 'Na', 'Oxidation States': [0.835, 0.805]}]"
Na2S8-glyme,Na2S8,,Glyme,-177.70204429991443,60.0,True,False,"[{'Element': 'S', 'Oxidation States': [-0.017, 0.033, -0.012, 0.002, 0.107, -0.571, 0.082, -0.558]}, {'Element': 'Na', 'Oxidation States': [0.835, 0.805]}]"
Na2S8-glyme,Na2S8,,Glyme,-177.70210167790202,61.0,True,False,"[{'Element': 'S', 'Oxidation States': [-0.017, 0.033, -0.012, 0.002, 0.107, -0.571, 0.082, -0.558]}, {'Element': 'Na', 'Oxidation States': [0.835, 0.805]}]"
Na2S8-glyme,Na2S8,,Glyme,-177.70215937800117,62.0,True,False,"[{'Element': 'S', 'Oxidation States': [-0.017, 0.033, -0.012, 0.002, 0.107, -0.571, 0.082, -0.558]}, {'Element': 'Na', 'Oxidation States': [0.835, 0.805]}]"
Na2S8-glyme,Na2S8,,Glyme,-177.7022071232037,63.0,True,False,"[{'Element': 'S', 'Oxidation States': [-0.017, 0.033, -0.012, 0.002, 0.107, -0.571, 0.082, -0.558]}, {'Element': 'Na', 'Oxidation States': [0.835, 0.805]}]"
Na2S8-glyme,Na2S8,,Glyme,-177.70225219302029,64.0,True,False,"[{'Element': 'S', 'Oxidation States': [-0.017, 0.033, -0.012, 0.002, 0.107, -0.571, 0.082, -0.558]}, {'Element': 'Na', 'Oxidation States': [0.835, 0.805]}]"
Na2S8-glyme,Na2S8,,Glyme,-177.70230152296315,65.0,True,False,"[{'Element': 'S', 'Oxidation States': [-0.017, 0.033, -0.012, 0.002, 0.107, -0.571, 0.082, -0.558]}, {'Element': 'Na', 'Oxidation States': [0.835, 0.805]}]"
Na2S8-glyme,Na2S8,,Glyme,-177.70235824305377,66.0,True,False,"[{'Element': 'S', 'Oxidation States': [-0.017, 0.033, -0.012, 0.002, 0.107, -0.571, 0.082, -0.558]}, {'Element': 'Na', 'Oxidation States': [0.835, 0.805]}]"
Na2S8-glyme,Na2S8,,Glyme,-177.70242723752347,67.0,True,False,"[{'Element': 'S', 'Oxidation States': [-0.017, 0.033, -0.012, 0.002, 0.107, -0.571, 0.082, -0.558]}, {'Element': 'Na', 'Oxidation States': [0.835, 0.805]}]"
Na2S8-glyme,Na2S8,,Glyme,-177.7025583629147,68.0,True,False,"[{'Element': 'S', 'Oxidation States': [-0.017, 0.033, -0.012, 0.002, 0.107, -0.571, 0.082, -0.558]}, {'Element': 'Na', 'Oxidation States': [0.835, 0.805]}]"
Na2S8-glyme,Na2S8,,Glyme,-177.70267011517277,69.0,True,False,"[{'Element': 'S', 'Oxidation States': [-0.017, 0.033, -0.012, 0.002, 0.107, -0.571, 0.082, -0.558]}, {'Element': 'Na', 'Oxidation States': [0.835, 0.805]}]"
Na2S8-glyme,Na2S8,,Glyme,-177.70271259387863,70.0,True,False,"[{'Element': 'S', 'Oxidation States': [-0.017, 0.033, -0.012, 0.002, 0.107, -0.571, 0.082, -0.558]}, {'Element': 'Na', 'Oxidation States': [0.835, 0.805]}]"
Na2S8-glyme,Na2S8,,Glyme,-177.70278398244187,71.0,True,False,"[{'Element': 'S', 'Oxidation States': [-0.017, 0.033, -0.012, 0.002, 0.107, -0.571, 0.082, -0.558]}, {'Element': 'Na', 'Oxidation States': [0.835, 0.805]}]"
Na2S8-glyme,Na2S8,,Glyme,-177.70300313304097,72.0,True,False,"[{'Element': 'S', 'Oxidation States': [-0.017, 0.033, -0.012, 0.002, 0.107, -0.571, 0.082, -0.558]}, {'Element': 'Na', 'Oxidation States': [0.835, 0.805]}]"
Na2S8-glyme,Na2S8,,Glyme,-177.70306882351454,73.0,True,False,"[{'Element': 'S', 'Oxidation States': [-0.017, 0.033, -0.012, 0.002, 0.107, -0.571, 0.082, -0.558]}, {'Element': 'Na', 'Oxidation States': [0.835, 0.805]}]"
Na2S8-glyme,Na2S8,,Glyme,-177.70311351462414,74.0,True,False,"[{'Element': 'S', 'Oxidation States': [-0.017, 0.033, -0.012, 0.002, 0.107, -0.571, 0.082, -0.558]}, {'Element': 'Na', 'Oxidation States': [0.835, 0.805]}]"
Na2S8-glyme,Na2S8,,Glyme,-177.7049857811194,104.0,True,False,"[{'Element': 'S', 'Oxidation States': [-0.017, 0.033, -0.012, 0.002, 0.107, -0.571, 0.082, -0.558]}, {'Element': 'Na', 'Oxidation States': [0.835, 0.805]}]"
Na2S8-glyme,Na2S8,,Glyme,-177.70388067558872,86.0,True,False,"[{'Element': 'S', 'Oxidation States': [-0.017, 0.033, -0.012, 0.002, 0.107, -0.571, 0.082, -0.558]}, {'Element': 'Na', 'Oxidation States': [0.835, 0.805]}]"
Na2S8-glyme-elecmin,Na2S8,,Glyme,-177.68923097626887,0.0,False,False,"[{'Element': 'S', 'Oxidation States': [-0.007, 0.035, -0.009, 0.006, 0.1, -0.577, 0.081, -0.562]}, {'Element': 'Na', 'Oxidation States': [0.823, 0.817]}]"
Na2S8-glyme-elecmin,Na2S8,,Glyme,-177.69457452157855,9.0,False,False,"[{'Element': 'S', 'Oxidation States': [-0.007, 0.035, -0.009, 0.006, 0.1, -0.577, 0.081, -0.562]}, {'Element': 'Na', 'Oxidation States': [0.823, 0.817]}]"
Na2S8-glyme-elecmin,Na2S8,,Glyme,-177.70500822313232,81.0,False,False,"[{'Element': 'S', 'Oxidation States': [-0.007, 0.035, -0.009, 0.006, 0.1, -0.577, 0.081, -0.562]}, {'Element': 'Na', 'Oxidation States': [0.823, 0.817]}]"
Na2S8-glyme-elecmin,Na2S8,,Glyme,-177.7049847311174,80.0,False,False,"[{'Element': 'S', 'Oxidation States': [-0.007, 0.035, -0.009, 0.006, 0.1, -0.577, 0.081, -0.562]}, {'Element': 'Na', 'Oxidation States': [0.823, 0.817]}]"
Na2S8-glyme-elecmin,Na2S8,,Glyme,-177.7049565298461,79.0,False,False,"[{'Element': 'S', 'Oxidation States': [-0.007, 0.035, -0.009, 0.006, 0.1, -0.577, 0.081, -0.562]}, {'Element': 'Na', 'Oxidation States': [0.823, 0.817]}]"
Na2S8-glyme-elecmin,Na2S8,,Glyme,-177.70492568690509,78.0,False,False,"[{'Element': 'S', 'Oxidation States': [-0.007, 0.035, -0.009, 0.006, 0.1, -0.577, 0.081, -0.562]}, {'Element': 'Na', 'Oxidation States': [0.823, 0.817]}]"
Na2S8-glyme-elecmin,Na2S8,,Glyme,-177.70486739888747,77.0,False,False,"[{'Element': 'S', 'Oxidation States': [-0.007, 0.035, -0.009, 0.006, 0.1, -0.577, 0.081, -0.562]}, {'Element': 'Na', 'Oxidation States': [0.823, 0.817]}]"
Na2S8-glyme-elecmin,Na2S8,,Glyme,-177.70481787328885,76.0,False,False,"[{'Element': 'S', 'Oxidation States': [-0.007, 0.035, -0.009, 0.006, 0.1, -0.577, 0.081, -0.562]}, {'Element': 'Na', 'Oxidation States': [0.823, 0.817]}]"
Na2S8-glyme-elecmin,Na2S8,,Glyme,-177.70477396321598,75.0,False,False,"[{'Element': 'S', 'Oxidation States': [-0.007, 0.035, -0.009, 0.006, 0.1, -0.577, 0.081, -0.562]}, {'Element': 'Na', 'Oxidation States': [0.823, 0.817]}]"
Na2S8-glyme-elecmin,Na2S8,,Glyme,-177.70473174740815,74.0,False,False,"[{'Element': 'S', 'Oxidation States': [-0.007, 0.035, -0.009, 0.006, 0.1, -0.577, 0.081, -0.562]}, {'Element': 'Na', 'Oxidation States': [0.823, 0.817]}]"
Na2S8-glyme-elecmin,Na2S8,,Glyme,-177.70470238283957,73.0,False,False,"[{'Element': 'S', 'Oxidation States': [-0.007, 0.035, -0.009, 0.006, 0.1, -0.577, 0.081, -0.562]}, {'Element': 'Na', 'Oxidation States': [0.823, 0.817]}]"
Na2S8-glyme-elecmin,Na2S8,,Glyme,-177.70467018254055,72.0,False,False,"[{'Element': 'S', 'Oxidation States': [-0.007, 0.035, -0.009, 0.006, 0.1, -0.577, 0.081, -0.562]}, {'Element': 'Na', 'Oxidation States': [0.823, 0.817]}]"
Na2S8-glyme-elecmin,Na2S8,,Glyme,-177.70462698999063,71.0,False,False,"[{'Element': 'S', 'Oxidation States': [-0.007, 0.035, -0.009, 0.006, 0.1, -0.577, 0.081, -0.562]}, {'Element': 'Na', 'Oxidation States': [0.823, 0.817]}]"
Na2S8-glyme-elecmin,Na2S8,,Glyme,-177.70503342796687,82.0,False,False,"[{'Element': 'S', 'Oxidation States': [-0.007, 0.035, -0.009, 0.006, 0.1, -0.577, 0.081, -0.562]}, {'Element': 'Na', 'Oxidation States': [0.823, 0.817]}]"
Na2S8-glyme-elecmin,Na2S8,,Glyme,-177.70457765053112,70.0,False,False,"[{'Element': 'S', 'Oxidation States': [-0.007, 0.035, -0.009, 0.006, 0.1, -0.577, 0.081, -0.562]}, {'Element': 'Na', 'Oxidation States': [0.823, 0.817]}]"
Na2S8-glyme-elecmin,Na2S8,,Glyme,-177.70449389140012,68.0,False,False,"[{'Element': 'S', 'Oxidation States': [-0.007, 0.035, -0.009, 0.006, 0.1, -0.577, 0.081, -0.562]}, {'Element': 'Na', 'Oxidation States': [0.823, 0.817]}]"
Na2S8-glyme-elecmin,Na2S8,,Glyme,-177.70439356489982,67.0,False,False,"[{'Element': 'S', 'Oxidation States': [-0.007, 0.035, -0.009, 0.006, 0.1, -0.577, 0.081, -0.562]}, {'Element': 'Na', 'Oxidation States': [0.823, 0.817]}]"
Na2S8-glyme-elecmin,Na2S8,,Glyme,-177.70429526848787,66.0,False,False,"[{'Element': 'S', 'Oxidation States': [-0.007, 0.035, -0.009, 0.006, 0.1, -0.577, 0.081, -0.562]}, {'Element': 'Na', 'Oxidation States': [0.823, 0.817]}]"
Na2S8-glyme-elecmin,Na2S8,,Glyme,-177.7041888404113,65.0,False,False,"[{'Element': 'S', 'Oxidation States': [-0.007, 0.035, -0.009, 0.006, 0.1, -0.577, 0.081, -0.562]}, {'Element': 'Na', 'Oxidation States': [0.823, 0.817]}]"
Na2S8-glyme-elecmin,Na2S8,,Glyme,-177.70410560120536,64.0,False,False,"[{'Element': 'S', 'Oxidation States': [-0.007, 0.035, -0.009, 0.006, 0.1, -0.577, 0.081, -0.562]}, {'Element': 'Na', 'Oxidation States': [0.823, 0.817]}]"
Na2S8-glyme-elecmin,Na2S8,,Glyme,-177.70410520683095,63.0,False,False,"[{'Element': 'S', 'Oxidation States': [-0.007, 0.035, -0.009, 0.006, 0.1, -0.577, 0.081, -0.562]}, {'Element': 'Na', 'Oxidation States': [0.823, 0.817]}]"
Na2S8-glyme-elecmin,Na2S8,,Glyme,-177.70401049188945,62.0,False,False,"[{'Element': 'S', 'Oxidation States': [-0.007, 0.035, -0.009, 0.006, 0.1, -0.577, 0.081, -0.562]}, {'Element': 'Na', 'Oxidation States': [0.823, 0.817]}]"
Na2S8-glyme-elecmin,Na2S8,,Glyme,-177.70393530863782,61.0,False,False,"[{'Element': 'S', 'Oxidation States': [-0.007, 0.035, -0.009, 0.006, 0.1, -0.577, 0.081, -0.562]}, {'Element': 'Na', 'Oxidation States': [0.823, 0.817]}]"
Na2S8-glyme-elecmin,Na2S8,,Glyme,-177.7038928093977,60.0,False,False,"[{'Element': 'S', 'Oxidation States': [-0.007, 0.035, -0.009, 0.006, 0.1, -0.577, 0.081, -0.562]}, {'Element': 'Na', 'Oxidation States': [0.823, 0.817]}]"
Na2S8-glyme-elecmin,Na2S8,,Glyme,-177.70382496197374,59.0,False,False,"[{'Element': 'S', 'Oxidation States': [-0.007, 0.035, -0.009, 0.006, 0.1, -0.577, 0.081, -0.562]}, {'Element': 'Na', 'Oxidation States': [0.823, 0.817]}]"
Na2S8-glyme-elecmin,Na2S8,,Glyme,-177.70374480788155,58.0,False,False,"[{'Element': 'S', 'Oxidation States': [-0.007, 0.035, -0.009, 0.006, 0.1, -0.577, 0.081, -0.562]}, {'Element': 'Na', 'Oxidation States': [0.823, 0.817]}]"
Na2S8-glyme-elecmin,Na2S8,,Glyme,-177.70452337924286,69.0,False,False,"[{'Element': 'S', 'Oxidation States': [-0.007, 0.035, -0.009, 0.006, 0.1, -0.577, 0.081, -0.562]}, {'Element': 'Na', 'Oxidation States': [0.823, 0.817]}]"
Na2S8-glyme-elecmin,Na2S8,,Glyme,-177.70369759262348,57.0,False,False,"[{'Element': 'S', 'Oxidation States': [-0.007, 0.035, -0.009, 0.006, 0.1, -0.577, 0.081, -0.562]}, {'Element': 'Na', 'Oxidation States': [0.823, 0.817]}]"
Na2S8-glyme-elecmin,Na2S8,,Glyme,-177.70505853930297,83.0,False,False,"[{'Element': 'S', 'Oxidation States': [-0.007, 0.035, -0.009, 0.006, 0.1, -0.577, 0.081, -0.562]}, {'Element': 'Na', 'Oxidation States': [0.823, 0.817]}]"
Na2S8-glyme-elecmin,Na2S8,,Glyme,-177.7051034926184,85.0,False,False,"[{'Element': 'S', 'Oxidation States': [-0.007, 0.035, -0.009, 0.006, 0.1, -0.577, 0.081, -0.562]}, {'Element': 'Na', 'Oxidation States': [0.823, 0.817]}]"
Na2S8-glyme-elecmin,Na2S8,,Glyme,-177.70560890011953,109.0,False,False,"[{'Element': 'S', 'Oxidation States': [-0.007, 0.035, -0.009, 0.006, 0.1, -0.577, 0.081, -0.562]}, {'Element': 'Na', 'Oxidation States': [0.823, 0.817]}]"
Na2S8-glyme-elecmin,Na2S8,,Glyme,-177.7055926427424,108.0,False,False,"[{'Element': 'S', 'Oxidation States': [-0.007, 0.035, -0.009, 0.006, 0.1, -0.577, 0.081, -0.562]}, {'Element': 'Na', 'Oxidation States': [0.823, 0.817]}]"
Na2S8-glyme-elecmin,Na2S8,,Glyme,-177.70557929379348,107.0,False,False,"[{'Element': 'S', 'Oxidation States': [-0.007, 0.035, -0.009, 0.006, 0.1, -0.577, 0.081, -0.562]}, {'Element': 'Na', 'Oxidation States': [0.823, 0.817]}]"
Na2S8-glyme-elecmin,Na2S8,,Glyme,-177.70556621089108,106.0,False,False,"[{'Element': 'S', 'Oxidation States': [-0.007, 0.035, -0.009, 0.006, 0.1, -0.577, 0.081, -0.562]}, {'Element': 'Na', 'Oxidation States': [0.823, 0.817]}]"
Na2S8-glyme-elecmin,Na2S8,,Glyme,-177.70554730643687,105.0,False,False,"[{'Element': 'S', 'Oxidation States': [-0.007, 0.035, -0.009, 0.006, 0.1, -0.577, 0.081, -0.562]}, {'Element': 'Na', 'Oxidation States': [0.823, 0.817]}]"
Na2S8-glyme-elecmin,Na2S8,,Glyme,-177.7055231488565,104.0,False,False,"[{'Element': 'S', 'Oxidation States': [-0.007, 0.035, -0.009, 0.006, 0.1, -0.577, 0.081, -0.562]}, {'Element': 'Na', 'Oxidation States': [0.823, 0.817]}]"
Na2S8-glyme-elecmin,Na2S8,,Glyme,-177.70549716520043,103.0,False,False,"[{'Element': 'S', 'Oxidation States': [-0.007, 0.035, -0.009, 0.006, 0.1, -0.577, 0.081, -0.562]}, {'Element': 'Na', 'Oxidation States': [0.823, 0.817]}]"
Na2S8-glyme-elecmin,Na2S8,,Glyme,-177.70547328806316,102.0,False,False,"[{'Element': 'S', 'Oxidation States': [-0.007, 0.035, -0.009, 0.006, 0.1, -0.577, 0.081, -0.562]}, {'Element': 'Na', 'Oxidation States': [0.823, 0.817]}]"
Na2S8-glyme-elecmin,Na2S8,,Glyme,-177.70544743015955,101.0,False,False,"[{'Element': 'S', 'Oxidation States': [-0.007, 0.035, -0.009, 0.006, 0.1, -0.577, 0.081, -0.562]}, {'Element': 'Na', 'Oxidation States': [0.823, 0.817]}]"
Na2S8-glyme-elecmin,Na2S8,,Glyme,-177.70543445361758,100.0,False,False,"[{'Element': 'S', 'Oxidation States': [-0.007, 0.035, -0.009, 0.006, 0.1, -0.577, 0.081, -0.562]}, {'Element': 'Na', 'Oxidation States': [0.823, 0.817]}]"
Na2S8-glyme-elecmin,Na2S8,,Glyme,-177.70541107724043,99.0,False,False,"[{'Element': 'S', 'Oxidation States': [-0.007, 0.035, -0.009, 0.006, 0.1, -0.577, 0.081, -0.562]}, {'Element': 'Na', 'Oxidation States': [0.823, 0.817]}]"
Na2S8-glyme-elecmin,Na2S8,,Glyme,-177.7050800543243,84.0,False,False,"[{'Element': 'S', 'Oxidation States': [-0.007, 0.035, -0.009, 0.006, 0.1, -0.577, 0.081, -0.562]}, {'Element': 'Na', 'Oxidation States': [0.823, 0.817]}]"
Na2S8-glyme-elecmin,Na2S8,,Glyme,-177.7053969411676,98.0,False,False,"[{'Element': 'S', 'Oxidation States': [-0.007, 0.035, -0.009, 0.006, 0.1, -0.577, 0.081, -0.562]}, {'Element': 'Na', 'Oxidation States': [0.823, 0.817]}]"
Na2S8-glyme-elecmin,Na2S8,,Glyme,-177.70537141522738,96.0,False,False,"[{'Element': 'S', 'Oxidation States': [-0.007, 0.035, -0.009, 0.006, 0.1, -0.577, 0.081, -0.562]}, {'Element': 'Na', 'Oxidation States': [0.823, 0.817]}]"
Na2S8-glyme-elecmin,Na2S8,,Glyme,-177.70535876864662,95.0,False,False,"[{'Element': 'S', 'Oxidation States': [-0.007, 0.035, -0.009, 0.006, 0.1, -0.577, 0.081, -0.562]}, {'Element': 'Na', 'Oxidation States': [0.823, 0.817]}]"
Na2S8-glyme-elecmin,Na2S8,,Glyme,-177.70534181423056,94.0,False,False,"[{'Element': 'S', 'Oxidation States': [-0.007, 0.035, -0.009, 0.006, 0.1, -0.577, 0.081, -0.562]}, {'Element': 'Na', 'Oxidation States': [0.823, 0.817]}]"
Na2S8-glyme-elecmin,Na2S8,,Glyme,-177.70532648054942,93.0,False,False,"[{'Element': 'S', 'Oxidation States': [-0.007, 0.035, -0.009, 0.006, 0.1, -0.577, 0.081, -0.562]}, {'Element': 'Na', 'Oxidation States': [0.823, 0.817]}]"
Na2S8-glyme-elecmin,Na2S8,,Glyme,-177.70531049944572,92.0,False,False,"[{'Element': 'S', 'Oxidation States': [-0.007, 0.035, -0.009, 0.006, 0.1, -0.577, 0.081, -0.562]}, {'Element': 'Na', 'Oxidation States': [0.823, 0.817]}]"
Na2S8-glyme-elecmin,Na2S8,,Glyme,-177.70528844619525,91.0,False,False,"[{'Element': 'S', 'Oxidation States': [-0.007, 0.035, -0.009, 0.006, 0.1, -0.577, 0.081, -0.562]}, {'Element': 'Na', 'Oxidation States': [0.823, 0.817]}]"
Na2S8-glyme-elecmin,Na2S8,,Glyme,-177.70526472013444,90.0,False,False,"[{'Element': 'S', 'Oxidation States': [-0.007, 0.035, -0.009, 0.006, 0.1, -0.577, 0.081, -0.562]}, {'Element': 'Na', 'Oxidation States': [0.823, 0.817]}]"
Na2S8-glyme-elecmin,Na2S8,,Glyme,-177.70523940924232,89.0,False,False,"[{'Element': 'S', 'Oxidation States': [-0.007, 0.035, -0.009, 0.006, 0.1, -0.577, 0.081, -0.562]}, {'Element': 'Na', 'Oxidation States': [0.823, 0.817]}]"
Na2S8-glyme-elecmin,Na2S8,,Glyme,-177.7052136817283,88.0,False,False,"[{'Element': 'S', 'Oxidation States': [-0.007, 0.035, -0.009, 0.006, 0.1, -0.577, 0.081, -0.562]}, {'Element': 'Na', 'Oxidation States': [0.823, 0.817]}]"
Na2S8-glyme-elecmin,Na2S8,,Glyme,-177.70516832831555,87.0,False,False,"[{'Element': 'S', 'Oxidation States': [-0.007, 0.035, -0.009, 0.006, 0.1, -0.577, 0.081, -0.562]}, {'Element': 'Na', 'Oxidation States': [0.823, 0.817]}]"
Na2S8-glyme-elecmin,Na2S8,,Glyme,-177.70513278318734,86.0,False,False,"[{'Element': 'S', 'Oxidation States': [-0.007, 0.035, -0.009, 0.006, 0.1, -0.577, 0.081, -0.562]}, {'Element': 'Na', 'Oxidation States': [0.823, 0.817]}]"
Na2S8-glyme-elecmin,Na2S8,,Glyme,-177.70538301389809,97.0,False,False,"[{'Element': 'S', 'Oxidation States': [-0.007, 0.035, -0.009, 0.006, 0.1, -0.577, 0.081, -0.562]}, {'Element': 'Na', 'Oxidation States': [0.823, 0.817]}]"
Na2S8-glyme-elecmin,Na2S8,,Glyme,-177.70562464153804,110.0,False,False,"[{'Element': 'S', 'Oxidation States': [-0.007, 0.035, -0.009, 0.006, 0.1, -0.577, 0.081, -0.562]}, {'Element': 'Na', 'Oxidation States': [0.823, 0.817]}]"
Na2S8-glyme-elecmin,Na2S8,,Glyme,-177.70366207707468,56.0,False,False,"[{'Element': 'S', 'Oxidation States': [-0.007, 0.035, -0.009, 0.006, 0.1, -0.577, 0.081, -0.562]}, {'Element': 'Na', 'Oxidation States': [0.823, 0.817]}]"
Na2S8-glyme-elecmin,Na2S8,,Glyme,-177.70345688098553,54.0,False,False,"[{'Element': 'S', 'Oxidation States': [-0.007, 0.035, -0.009, 0.006, 0.1, -0.577, 0.081, -0.562]}, {'Element': 'Na', 'Oxidation States': [0.823, 0.817]}]"
Na2S8-glyme-elecmin,Na2S8,,Glyme,-177.69585990920956,25.0,False,False,"[{'Element': 'S', 'Oxidation States': [-0.007, 0.035, -0.009, 0.006, 0.1, -0.577, 0.081, -0.562]}, {'Element': 'Na', 'Oxidation States': [0.823, 0.817]}]"
Na2S8-glyme-elecmin,Na2S8,,Glyme,-177.69583457965174,24.0,False,False,"[{'Element': 'S', 'Oxidation States': [-0.007, 0.035, -0.009, 0.006, 0.1, -0.577, 0.081, -0.562]}, {'Element': 'Na', 'Oxidation States': [0.823, 0.817]}]"
Na2S8-glyme-elecmin,Na2S8,,Glyme,-177.69580819209835,23.0,False,False,"[{'Element': 'S', 'Oxidation States': [-0.007, 0.035, -0.009, 0.006, 0.1, -0.577, 0.081, -0.562]}, {'Element': 'Na', 'Oxidation States': [0.823, 0.817]}]"
Na2S8-glyme-elecmin,Na2S8,,Glyme,-177.6957664902648,22.0,False,False,"[{'Element': 'S', 'Oxidation States': [-0.007, 0.035, -0.009, 0.006, 0.1, -0.577, 0.081, -0.562]}, {'Element': 'Na', 'Oxidation States': [0.823, 0.817]}]"
Na2S8-glyme-elecmin,Na2S8,,Glyme,-177.69570823658032,21.0,False,False,"[{'Element': 'S', 'Oxidation States': [-0.007, 0.035, -0.009, 0.006, 0.1, -0.577, 0.081, -0.562]}, {'Element': 'Na', 'Oxidation States': [0.823, 0.817]}]"
Na2S8-glyme-elecmin,Na2S8,,Glyme,-177.69566770256435,20.0,False,False,"[{'Element': 'S', 'Oxidation States': [-0.007, 0.035, -0.009, 0.006, 0.1, -0.577, 0.081, -0.562]}, {'Element': 'Na', 'Oxidation States': [0.823, 0.817]}]"
Na2S8-glyme-elecmin,Na2S8,,Glyme,-177.69564172301517,19.0,False,False,"[{'Element': 'S', 'Oxidation States': [-0.007, 0.035, -0.009, 0.006, 0.1, -0.577, 0.081, -0.562]}, {'Element': 'Na', 'Oxidation States': [0.823, 0.817]}]"
Na2S8-glyme-elecmin,Na2S8,,Glyme,-177.69556949265578,18.0,False,False,"[{'Element': 'S', 'Oxidation States': [-0.007, 0.035, -0.009, 0.006, 0.1, -0.577, 0.081, -0.562]}, {'Element': 'Na', 'Oxidation States': [0.823, 0.817]}]"
Na2S8-glyme-elecmin,Na2S8,,Glyme,-177.69545843638878,17.0,False,False,"[{'Element': 'S', 'Oxidation States': [-0.007, 0.035, -0.009, 0.006, 0.1, -0.577, 0.081, -0.562]}, {'Element': 'Na', 'Oxidation States': [0.823, 0.817]}]"
Na2S8-glyme-elecmin,Na2S8,,Glyme,-177.69544669377137,16.0,False,False,"[{'Element': 'S', 'Oxidation States': [-0.007, 0.035, -0.009, 0.006, 0.1, -0.577, 0.081, -0.562]}, {'Element': 'Na', 'Oxidation States': [0.823, 0.817]}]"
Na2S8-glyme-elecmin,Na2S8,,Glyme,-177.69518895868418,15.0,False,False,"[{'Element': 'S', 'Oxidation States': [-0.007, 0.035, -0.009, 0.006, 0.1, -0.577, 0.081, -0.562]}, {'Element': 'Na', 'Oxidation States': [0.823, 0.817]}]"
Na2S8-glyme-elecmin,Na2S8,,Glyme,-177.69588115195265,26.0,False,False,"[{'Element': 'S', 'Oxidation States': [-0.007, 0.035, -0.009, 0.006, 0.1, -0.577, 0.081, -0.562]}, {'Element': 'Na', 'Oxidation States': [0.823, 0.817]}]"
Na2S8-glyme-elecmin,Na2S8,,Glyme,-177.6950642453867,14.0,False,False,"[{'Element': 'S', 'Oxidation States': [-0.007, 0.035, -0.009, 0.006, 0.1, -0.577, 0.081, -0.562]}, {'Element': 'Na', 'Oxidation States': [0.823, 0.817]}]"
Na2S8-glyme-elecmin,Na2S8,,Glyme,-177.69488177671082,12.0,False,False,"[{'Element': 'S', 'Oxidation States': [-0.007, 0.035, -0.009, 0.006, 0.1, -0.577, 0.081, -0.562]}, {'Element': 'Na', 'Oxidation States': [0.823, 0.817]}]"
Na2S8-glyme-elecmin,Na2S8,,Glyme,-177.69477685031876,11.0,False,False,"[{'Element': 'S', 'Oxidation States': [-0.007, 0.035, -0.009, 0.006, 0.1, -0.577, 0.081, -0.562]}, {'Element': 'Na', 'Oxidation States': [0.823, 0.817]}]"
Na2S8-glyme-elecmin,Na2S8,,Glyme,-177.69473142569439,10.0,False,False,"[{'Element': 'S', 'Oxidation States': [-0.007, 0.035, -0.009, 0.006, 0.1, -0.577, 0.081, -0.562]}, {'Element': 'Na', 'Oxidation States': [0.823, 0.817]}]"
Na2S8-glyme-elecmin,Na2S8,,Glyme,-177.69453613563292,8.0,False,False,"[{'Element': 'S', 'Oxidation States': [-0.007, 0.035, -0.009, 0.006, 0.1, -0.577, 0.081, -0.562]}, {'Element': 'Na', 'Oxidation States': [0.823, 0.817]}]"
Na2S8-glyme-elecmin,Na2S8,,Glyme,-177.6943995223615,7.0,False,False,"[{'Element': 'S', 'Oxidation States': [-0.007, 0.035, -0.009, 0.006, 0.1, -0.577, 0.081, -0.562]}, {'Element': 'Na', 'Oxidation States': [0.823, 0.817]}]"
Na2S8-glyme-elecmin,Na2S8,,Glyme,-177.69431144087434,6.0,False,False,"[{'Element': 'S', 'Oxidation States': [-0.007, 0.035, -0.009, 0.006, 0.1, -0.577, 0.081, -0.562]}, {'Element': 'Na', 'Oxidation States': [0.823, 0.817]}]"
Na2S8-glyme-elecmin,Na2S8,,Glyme,-177.6938925066118,5.0,False,False,"[{'Element': 'S', 'Oxidation States': [-0.007, 0.035, -0.009, 0.006, 0.1, -0.577, 0.081, -0.562]}, {'Element': 'Na', 'Oxidation States': [0.823, 0.817]}]"
Na2S8-glyme-elecmin,Na2S8,,Glyme,-177.69366723666357,4.0,False,False,"[{'Element': 'S', 'Oxidation States': [-0.007, 0.035, -0.009, 0.006, 0.1, -0.577, 0.081, -0.562]}, {'Element': 'Na', 'Oxidation States': [0.823, 0.817]}]"
Na2S8-glyme-elecmin,Na2S8,,Glyme,-177.69309701198483,3.0,False,False,"[{'Element': 'S', 'Oxidation States': [-0.007, 0.035, -0.009, 0.006, 0.1, -0.577, 0.081, -0.562]}, {'Element': 'Na', 'Oxidation States': [0.823, 0.817]}]"
Na2S8-glyme-elecmin,Na2S8,,Glyme,-177.69252125610905,2.0,False,False,"[{'Element': 'S', 'Oxidation States': [-0.007, 0.035, -0.009, 0.006, 0.1, -0.577, 0.081, -0.562]}, {'Element': 'Na', 'Oxidation States': [0.823, 0.817]}]"
Na2S8-glyme-elecmin,Na2S8,,Glyme,-177.6907507704796,1.0,False,False,"[{'Element': 'S', 'Oxidation States': [-0.007, 0.035, -0.009, 0.006, 0.1, -0.577, 0.081, -0.562]}, {'Element': 'Na', 'Oxidation States': [0.823, 0.817]}]"
Na2S8-glyme-elecmin,Na2S8,,Glyme,-177.69493671390003,13.0,False,False,"[{'Element': 'S', 'Oxidation States': [-0.007, 0.035, -0.009, 0.006, 0.1, -0.577, 0.081, -0.562]}, {'Element': 'Na', 'Oxidation States': [0.823, 0.817]}]"
Na2S8-glyme-elecmin,Na2S8,,Glyme,-177.7035146182165,55.0,False,False,"[{'Element': 'S', 'Oxidation States': [-0.007, 0.035, -0.009, 0.006, 0.1, -0.577, 0.081, -0.562]}, {'Element': 'Na', 'Oxidation States': [0.823, 0.817]}]"
Na2S8-glyme-elecmin,Na2S8,,Glyme,-177.69592020462719,27.0,False,False,"[{'Element': 'S', 'Oxidation States': [-0.007, 0.035, -0.009, 0.006, 0.1, -0.577, 0.081, -0.562]}, {'Element': 'Na', 'Oxidation States': [0.823, 0.817]}]"
Na2S8-glyme-elecmin,Na2S8,,Glyme,-177.69600170510606,29.0,False,False,"[{'Element': 'S', 'Oxidation States': [-0.007, 0.035, -0.009, 0.006, 0.1, -0.577, 0.081, -0.562]}, {'Element': 'Na', 'Oxidation States': [0.823, 0.817]}]"
Na2S8-glyme-elecmin,Na2S8,,Glyme,-177.70340768158923,53.0,False,False,"[{'Element': 'S', 'Oxidation States': [-0.007, 0.035, -0.009, 0.006, 0.1, -0.577, 0.081, -0.562]}, {'Element': 'Na', 'Oxidation States': [0.823, 0.817]}]"
Na2S8-glyme-elecmin,Na2S8,,Glyme,-177.70337465386064,52.0,False,False,"[{'Element': 'S', 'Oxidation States': [-0.007, 0.035, -0.009, 0.006, 0.1, -0.577, 0.081, -0.562]}, {'Element': 'Na', 'Oxidation States': [0.823, 0.817]}]"
Na2S8-glyme-elecmin,Na2S8,,Glyme,-177.70332266256315,51.0,False,False,"[{'Element': 'S', 'Oxidation States': [-0.007, 0.035, -0.009, 0.006, 0.1, -0.577, 0.081, -0.562]}, {'Element': 'Na', 'Oxidation States': [0.823, 0.817]}]"
Na2S8-glyme-elecmin,Na2S8,,Glyme,-177.70326311534689,50.0,False,False,"[{'Element': 'S', 'Oxidation States': [-0.007, 0.035, -0.009, 0.006, 0.1, -0.577, 0.081, -0.562]}, {'Element': 'Na', 'Oxidation States': [0.823, 0.817]}]"
Na2S8-glyme-elecmin,Na2S8,,Glyme,-177.70311045660264,49.0,False,False,"[{'Element': 'S', 'Oxidation States': [-0.007, 0.035, -0.009, 0.006, 0.1, -0.577, 0.081, -0.562]}, {'Element': 'Na', 'Oxidation States': [0.823, 0.817]}]"
Na2S8-glyme-elecmin,Na2S8,,Glyme,-177.7027633604171,48.0,False,False,"[{'Element': 'S', 'Oxidation States': [-0.007, 0.035, -0.009, 0.006, 0.1, -0.577, 0.081, -0.562]}, {'Element': 'Na', 'Oxidation States': [0.823, 0.817]}]"
Na2S8-glyme-elecmin,Na2S8,,Glyme,-177.70210671079008,47.0,False,False,"[{'Element': 'S', 'Oxidation States': [-0.007, 0.035, -0.009, 0.006, 0.1, -0.577, 0.081, -0.562]}, {'Element': 'Na', 'Oxidation States': [0.823, 0.817]}]"
Na2S8-glyme-elecmin,Na2S8,,Glyme,-177.70145959483028,46.0,False,False,"[{'Element': 'S', 'Oxidation States': [-0.007, 0.035, -0.009, 0.006, 0.1, -0.577, 0.081, -0.562]}, {'Element': 'Na', 'Oxidation States': [0.823, 0.817]}]"
Na2S8-glyme-elecmin,Na2S8,,Glyme,-177.700620087973,45.0,False,False,"[{'Element': 'S', 'Oxidation States': [-0.007, 0.035, -0.009, 0.006, 0.1, -0.577, 0.081, -0.562]}, {'Element': 'Na', 'Oxidation States': [0.823, 0.817]}]"
Na2S8-glyme-elecmin,Na2S8,,Glyme,-177.7006200684375,44.0,False,False,"[{'Element': 'S', 'Oxidation States': [-0.007, 0.035, -0.009, 0.006, 0.1, -0.577, 0.081, -0.562]}, {'Element': 'Na', 'Oxidation States': [0.823, 0.817]}]"
Na2S8-glyme-elecmin,Na2S8,,Glyme,-177.69966614501857,43.0,False,False,"[{'Element': 'S', 'Oxidation States': [-0.007, 0.035, -0.009, 0.006, 0.1, -0.577, 0.081, -0.562]}, {'Element': 'Na', 'Oxidation States': [0.823, 0.817]}]"
Na2S8-glyme-elecmin,Na2S8,,Glyme,-177.69596928910914,28.0,False,False,"[{'Element': 'S', 'Oxidation States': [-0.007, 0.035, -0.009, 0.006, 0.1, -0.577, 0.081, -0.562]}, {'Element': 'Na', 'Oxidation States': [0.823, 0.817]}]"
Na2S8-glyme-elecmin,Na2S8,,Glyme,-177.69899257750552,42.0,False,False,"[{'Element': 'S', 'Oxidation States': [-0.007, 0.035, -0.009, 0.006, 0.1, -0.577, 0.081, -0.562]}, {'Element': 'Na', 'Oxidation States': [0.823, 0.817]}]"
Na2S8-glyme-elecmin,Na2S8,,Glyme,-177.69740859950653,40.0,False,False,"[{'Element': 'S', 'Oxidation States': [-0.007, 0.035, -0.009, 0.006, 0.1, -0.577, 0.081, -0.562]}, {'Element': 'Na', 'Oxidation States': [0.823, 0.817]}]"
Na2S8-glyme-elecmin,Na2S8,,Glyme,-177.69710678299555,39.0,False,False,"[{'Element': 'S', 'Oxidation States': [-0.007, 0.035, -0.009, 0.006, 0.1, -0.577, 0.081, -0.562]}, {'Element': 'Na', 'Oxidation States': [0.823, 0.817]}]"
Na2S8-glyme-elecmin,Na2S8,,Glyme,-177.6968773289907,38.0,False,False,"[{'Element': 'S', 'Oxidation States': [-0.007, 0.035, -0.009, 0.006, 0.1, -0.577, 0.081, -0.562]}, {'Element': 'Na', 'Oxidation States': [0.823, 0.817]}]"
Na2S8-glyme-elecmin,Na2S8,,Glyme,-177.69651105486014,37.0,False,False,"[{'Element': 'S', 'Oxidation States': [-0.007, 0.035, -0.009, 0.006, 0.1, -0.577, 0.081, -0.562]}, {'Element': 'Na', 'Oxidation States': [0.823, 0.817]}]"
Na2S8-glyme-elecmin,Na2S8,,Glyme,-177.69636537850343,36.0,False,False,"[{'Element': 'S', 'Oxidation States': [-0.007, 0.035, -0.009, 0.006, 0.1, -0.577, 0.081, -0.562]}, {'Element': 'Na', 'Oxidation States': [0.823, 0.817]}]"
Na2S8-glyme-elecmin,Na2S8,,Glyme,-177.696312065977,35.0,False,False,"[{'Element': 'S', 'Oxidation States': [-0.007, 0.035, -0.009, 0.006, 0.1, -0.577, 0.081, -0.562]}, {'Element': 'Na', 'Oxidation States': [0.823, 0.817]}]"
Na2S8-glyme-elecmin,Na2S8,,Glyme,-177.696302661709,34.0,False,False,"[{'Element': 'S', 'Oxidation States': [-0.007, 0.035, -0.009, 0.006, 0.1, -0.577, 0.081, -0.562]}, {'Element': 'Na', 'Oxidation States': [0.823, 0.817]}]"
Na2S8-glyme-elecmin,Na2S8,,Glyme,-177.69618413921773,33.0,False,False,"[{'Element': 'S', 'Oxidation States': [-0.007, 0.035, -0.009, 0.006, 0.1, -0.577, 0.081, -0.562]}, {'Element': 'Na', 'Oxidation States': [0.823, 0.817]}]"
Na2S8-glyme-elecmin,Na2S8,,Glyme,-177.6961266744118,32.0,False,False,"[{'Element': 'S', 'Oxidation States': [-0.007, 0.035, -0.009, 0.006, 0.1, -0.577, 0.081, -0.562]}, {'Element': 'Na', 'Oxidation States': [0.823, 0.817]}]"
Na2S8-glyme-elecmin,Na2S8,,Glyme,-177.6960836137728,31.0,False,False,"[{'Element': 'S', 'Oxidation States': [-0.007, 0.035, -0.009, 0.006, 0.1, -0.577, 0.081, -0.562]}, {'Element': 'Na', 'Oxidation States': [0.823, 0.817]}]"
Na2S8-glyme-elecmin,Na2S8,,Glyme,-177.69604799098818,30.0,False,False,"[{'Element': 'S', 'Oxidation States': [-0.007, 0.035, -0.009, 0.006, 0.1, -0.577, 0.081, -0.562]}, {'Element': 'Na', 'Oxidation States': [0.823, 0.817]}]"
Na2S8-glyme-elecmin,Na2S8,,Glyme,-177.69779926064035,41.0,False,False,"[{'Element': 'S', 'Oxidation States': [-0.007, 0.035, -0.009, 0.006, 0.1, -0.577, 0.081, -0.562]}, {'Element': 'Na', 'Oxidation States': [0.823, 0.817]}]"
Na2S8-glyme-elecmin,Na2S8,,Glyme,-177.7056421938741,111.0,False,False,"[{'Element': 'S', 'Oxidation States': [-0.007, 0.035, -0.009, 0.006, 0.1, -0.577, 0.081, -0.562]}, {'Element': 'Na', 'Oxidation States': [0.823, 0.817]}]"
Na2S8-glyme-elecmin,Na2S8,,Glyme,-177.70644665330633,171.0,False,False,"[{'Element': 'S', 'Oxidation States': [-0.007, 0.035, -0.009, 0.006, 0.1, -0.577, 0.081, -0.562]}, {'Element': 'Na', 'Oxidation States': [0.823, 0.817]}]"
Na2S8-glyme-elecmin,Na2S8,,Glyme,-177.70567861571107,113.0,False,False,"[{'Element': 'S', 'Oxidation States': [-0.007, 0.035, -0.009, 0.006, 0.1, -0.577, 0.081, -0.562]}, {'Element': 'Na', 'Oxidation States': [0.823, 0.817]}]"
Na2S8-glyme-elecmin,Na2S8,,Glyme,-177.70648167988367,177.0,False,False,"[{'Element': 'S', 'Oxidation States': [-0.007, 0.035, -0.009, 0.006, 0.1, -0.577, 0.081, -0.562]}, {'Element': 'Na', 'Oxidation States': [0.823, 0.817]}]"
Na2S8-glyme-elecmin,Na2S8,,Glyme,-177.70647188214647,176.0,False,False,"[{'Element': 'S', 'Oxidation States': [-0.007, 0.035, -0.009, 0.006, 0.1, -0.577, 0.081, -0.562]}, {'Element': 'Na', 'Oxidation States': [0.823, 0.817]}]"
Na2S8-glyme-elecmin,Na2S8,,Glyme,-177.70646496588955,175.0,False,False,"[{'Element': 'S', 'Oxidation States': [-0.007, 0.035, -0.009, 0.006, 0.1, -0.577, 0.081, -0.562]}, {'Element': 'Na', 'Oxidation States': [0.823, 0.817]}]"
Na2S8-glyme-elecmin,Na2S8,,Glyme,-177.70645850346668,174.0,False,False,"[{'Element': 'S', 'Oxidation States': [-0.007, 0.035, -0.009, 0.006, 0.1, -0.577, 0.081, -0.562]}, {'Element': 'Na', 'Oxidation States': [0.823, 0.817]}]"
Na2S8-glyme-elecmin,Na2S8,,Glyme,-177.70645539221883,173.0,False,False,"[{'Element': 'S', 'Oxidation States': [-0.007, 0.035, -0.009, 0.006, 0.1, -0.577, 0.081, -0.562]}, {'Element': 'Na', 'Oxidation States': [0.823, 0.817]}]"
Na2S8-glyme-elecmin,Na2S8,,Glyme,-177.7064510002389,172.0,False,False,"[{'Element': 'S', 'Oxidation States': [-0.007, 0.035, -0.009, 0.006, 0.1, -0.577, 0.081, -0.562]}, {'Element': 'Na', 'Oxidation States': [0.823, 0.817]}]"
Na2S8-glyme-elecmin,Na2S8,,Glyme,-177.7056632953308,112.0,False,False,"[{'Element': 'S', 'Oxidation States': [-0.007, 0.035, -0.009, 0.006, 0.1, -0.577, 0.081, -0.562]}, {'Element': 'Na', 'Oxidation States': [0.823, 0.817]}]"
Na2S8-glyme-elecmin,Na2S8,,Glyme,-177.7064438073974,170.0,False,False,"[{'Element': 'S', 'Oxidation States': [-0.007, 0.035, -0.009, 0.006, 0.1, -0.577, 0.081, -0.562]}, {'Element': 'Na', 'Oxidation States': [0.823, 0.817]}]"
Na2S8-glyme-elecmin,Na2S8,,Glyme,-177.7064889702965,178.0,False,False,"[{'Element': 'S', 'Oxidation States': [-0.007, 0.035, -0.009, 0.006, 0.1, -0.577, 0.081, -0.562]}, {'Element': 'Na', 'Oxidation States': [0.823, 0.817]}]"
Na2S8-glyme-elecmin,Na2S8,,Glyme,-177.70644012837084,169.0,False,False,"[{'Element': 'S', 'Oxidation States': [-0.007, 0.035, -0.009, 0.006, 0.1, -0.577, 0.081, -0.562]}, {'Element': 'Na', 'Oxidation States': [0.823, 0.817]}]"
Na2S8-glyme-elecmin,Na2S8,,Glyme,-177.70642863177662,167.0,False,False,"[{'Element': 'S', 'Oxidation States': [-0.007, 0.035, -0.009, 0.006, 0.1, -0.577, 0.081, -0.562]}, {'Element': 'Na', 'Oxidation States': [0.823, 0.817]}]"
Na2S8-glyme-elecmin,Na2S8,,Glyme,-177.7064220326139,166.0,False,False,"[{'Element': 'S', 'Oxidation States': [-0.007, 0.035, -0.009, 0.006, 0.1, -0.577, 0.081, -0.562]}, {'Element': 'Na', 'Oxidation States': [0.823, 0.817]}]"
Na2S8-glyme-elecmin,Na2S8,,Glyme,-177.7064138126763,165.0,False,False,"[{'Element': 'S', 'Oxidation States': [-0.007, 0.035, -0.009, 0.006, 0.1, -0.577, 0.081, -0.562]}, {'Element': 'Na', 'Oxidation States': [0.823, 0.817]}]"
Na2S8-glyme-elecmin,Na2S8,,Glyme,-177.70640640808176,164.0,False,False,"[{'Element': 'S', 'Oxidation States': [-0.007, 0.035, -0.009, 0.006, 0.1, -0.577, 0.081, -0.562]}, {'Element': 'Na', 'Oxidation States': [0.823, 0.817]}]"
Na2S8-glyme-elecmin,Na2S8,,Glyme,-177.70640053175705,163.0,False,False,"[{'Element': 'S', 'Oxidation States': [-0.007, 0.035, -0.009, 0.006, 0.1, -0.577, 0.081, -0.562]}, {'Element': 'Na', 'Oxidation States': [0.823, 0.817]}]"
Na2S8-glyme-elecmin,Na2S8,,Glyme,-177.7063866308952,161.0,False,False,"[{'Element': 'S', 'Oxidation States': [-0.007, 0.035, -0.009, 0.006, 0.1, -0.577, 0.081, -0.562]}, {'Element': 'Na', 'Oxidation States': [0.823, 0.817]}]"
Na2S8-glyme-elecmin,Na2S8,,Glyme,-177.70638168207475,160.0,False,False,"[{'Element': 'S', 'Oxidation States': [-0.007, 0.035, -0.009, 0.006, 0.1, -0.577, 0.081, -0.562]}, {'Element': 'Na', 'Oxidation States': [0.823, 0.817]}]"
Na2S8-glyme-elecmin,Na2S8,,Glyme,-177.70637634243866,159.0,False,False,"[{'Element': 'S', 'Oxidation States': [-0.007, 0.035, -0.009, 0.006, 0.1, -0.577, 0.081, -0.562]}, {'Element': 'Na', 'Oxidation States': [0.823, 0.817]}]"
Na2S8-glyme-elecmin,Na2S8,,Glyme,-177.70643444915632,168.0,False,False,"[{'Element': 'S', 'Oxidation States': [-0.007, 0.035, -0.009, 0.006, 0.1, -0.577, 0.081, -0.562]}, {'Element': 'Na', 'Oxidation States': [0.823, 0.817]}]"
Na2S8-glyme-elecmin,Na2S8,,Glyme,-177.70649594159872,179.0,False,False,"[{'Element': 'S', 'Oxidation States': [-0.007, 0.035, -0.009, 0.006, 0.1, -0.577, 0.081, -0.562]}, {'Element': 'Na', 'Oxidation States': [0.823, 0.817]}]"
Na2S8-glyme-elecmin,Na2S8,,Glyme,-177.70650406904684,180.0,False,False,"[{'Element': 'S', 'Oxidation States': [-0.007, 0.035, -0.009, 0.006, 0.1, -0.577, 0.081, -0.562]}, {'Element': 'Na', 'Oxidation States': [0.823, 0.817]}]"
Na2S8-glyme-elecmin,Na2S8,,Glyme,-177.70651101240762,181.0,False,False,"[{'Element': 'S', 'Oxidation States': [-0.007, 0.035, -0.009, 0.006, 0.1, -0.577, 0.081, -0.562]}, {'Element': 'Na', 'Oxidation States': [0.823, 0.817]}]"
Na2S8-glyme-elecmin,Na2S8,,Glyme,-177.70660005605515,200.0,False,False,"[{'Element': 'S', 'Oxidation States': [-0.007, 0.035, -0.009, 0.006, 0.1, -0.577, 0.081, -0.562]}, {'Element': 'Na', 'Oxidation States': [0.823, 0.817]}]"
Na2S8-glyme-elecmin,Na2S8,,Glyme,-177.70659442533193,199.0,False,False,"[{'Element': 'S', 'Oxidation States': [-0.007, 0.035, -0.009, 0.006, 0.1, -0.577, 0.081, -0.562]}, {'Element': 'Na', 'Oxidation States': [0.823, 0.817]}]"
Na2S8-glyme-elecmin,Na2S8,,Glyme,-177.70658984938626,198.0,False,False,"[{'Element': 'S', 'Oxidation States': [-0.007, 0.035, -0.009, 0.006, 0.1, -0.577, 0.081, -0.562]}, {'Element': 'Na', 'Oxidation States': [0.823, 0.817]}]"
Na2S8-glyme-elecmin,Na2S8,,Glyme,-177.7065850853096,197.0,False,False,"[{'Element': 'S', 'Oxidation States': [-0.007, 0.035, -0.009, 0.006, 0.1, -0.577, 0.081, -0.562]}, {'Element': 'Na', 'Oxidation States': [0.823, 0.817]}]"
Na2S8-glyme-elecmin,Na2S8,,Glyme,-177.70657929834297,196.0,False,False,"[{'Element': 'S', 'Oxidation States': [-0.007, 0.035, -0.009, 0.006, 0.1, -0.577, 0.081, -0.562]}, {'Element': 'Na', 'Oxidation States': [0.823, 0.817]}]"
Na2S8-glyme-elecmin,Na2S8,,Glyme,-177.70657548051253,195.0,False,False,"[{'Element': 'S', 'Oxidation States': [-0.007, 0.035, -0.009, 0.006, 0.1, -0.577, 0.081, -0.562]}, {'Element': 'Na', 'Oxidation States': [0.823, 0.817]}]"
Na2S8-glyme-elecmin,Na2S8,,Glyme,-177.70656937768925,194.0,False,False,"[{'Element': 'S', 'Oxidation States': [-0.007, 0.035, -0.009, 0.006, 0.1, -0.577, 0.081, -0.562]}, {'Element': 'Na', 'Oxidation States': [0.823, 0.817]}]"
Na2S8-glyme-elecmin,Na2S8,,Glyme,-177.70656315641597,193.0,False,False,"[{'Element': 'S', 'Oxidation States': [-0.007, 0.035, -0.009, 0.006, 0.1, -0.577, 0.081, -0.562]}, {'Element': 'Na', 'Oxidation States': [0.823, 0.817]}]"
Na2S8-glyme-elecmin,Na2S8,,Glyme,-177.70655579185842,192.0,False,False,"[{'Element': 'S', 'Oxidation States': [-0.007, 0.035, -0.009, 0.006, 0.1, -0.577, 0.081, -0.562]}, {'Element': 'Na', 'Oxidation States': [0.823, 0.817]}]"
Na2S8-glyme-elecmin,Na2S8,,Glyme,-177.7065554481127,191.0,False,False,"[{'Element': 'S', 'Oxidation States': [-0.007, 0.035, -0.009, 0.006, 0.1, -0.577, 0.081, -0.562]}, {'Element': 'Na', 'Oxidation States': [0.823, 0.817]}]"
Na2S8-glyme-elecmin,Na2S8,,Glyme,-177.7065539085383,190.0,False,False,"[{'Element': 'S', 'Oxidation States': [-0.007, 0.035, -0.009, 0.006, 0.1, -0.577, 0.081, -0.562]}, {'Element': 'Na', 'Oxidation States': [0.823, 0.817]}]"
Na2S8-glyme-elecmin,Na2S8,,Glyme,-177.70655047169402,189.0,False,False,"[{'Element': 'S', 'Oxidation States': [-0.007, 0.035, -0.009, 0.006, 0.1, -0.577, 0.081, -0.562]}, {'Element': 'Na', 'Oxidation States': [0.823, 0.817]}]"
Na2S8-glyme-elecmin,Na2S8,,Glyme,-177.7065446791084,188.0,False,False,"[{'Element': 'S', 'Oxidation States': [-0.007, 0.035, -0.009, 0.006, 0.1, -0.577, 0.081, -0.562]}, {'Element': 'Na', 'Oxidation States': [0.823, 0.817]}]"
Na2S8-glyme-elecmin,Na2S8,,Glyme,-177.7065400520893,187.0,False,False,"[{'Element': 'S', 'Oxidation States': [-0.007, 0.035, -0.009, 0.006, 0.1, -0.577, 0.081, -0.562]}, {'Element': 'Na', 'Oxidation States': [0.823, 0.817]}]"
Na2S8-glyme-elecmin,Na2S8,,Glyme,-177.70653548081637,186.0,False,False,"[{'Element': 'S', 'Oxidation States': [-0.007, 0.035, -0.009, 0.006, 0.1, -0.577, 0.081, -0.562]}, {'Element': 'Na', 'Oxidation States': [0.823, 0.817]}]"
Na2S8-glyme-elecmin,Na2S8,,Glyme,-177.7065291009915,185.0,False,False,"[{'Element': 'S', 'Oxidation States': [-0.007, 0.035, -0.009, 0.006, 0.1, -0.577, 0.081, -0.562]}, {'Element': 'Na', 'Oxidation States': [0.823, 0.817]}]"
Na2S8-glyme-elecmin,Na2S8,,Glyme,-177.7065275356004,184.0,False,False,"[{'Element': 'S', 'Oxidation States': [-0.007, 0.035, -0.009, 0.006, 0.1, -0.577, 0.081, -0.562]}, {'Element': 'Na', 'Oxidation States': [0.823, 0.817]}]"
Na2S8-glyme-elecmin,Na2S8,,Glyme,-177.70652223649049,183.0,False,False,"[{'Element': 'S', 'Oxidation States': [-0.007, 0.035, -0.009, 0.006, 0.1, -0.577, 0.081, -0.562]}, {'Element': 'Na', 'Oxidation States': [0.823, 0.817]}]"
Na2S8-glyme-elecmin,Na2S8,,Glyme,-177.706515439988,182.0,False,False,"[{'Element': 'S', 'Oxidation States': [-0.007, 0.035, -0.009, 0.006, 0.1, -0.577, 0.081, -0.562]}, {'Element': 'Na', 'Oxidation States': [0.823, 0.817]}]"
Na2S8-glyme-elecmin,Na2S8,,Glyme,-177.70637249340814,158.0,False,False,"[{'Element': 'S', 'Oxidation States': [-0.007, 0.035, -0.009, 0.006, 0.1, -0.577, 0.081, -0.562]}, {'Element': 'Na', 'Oxidation States': [0.823, 0.817]}]"
Na2S8-glyme-elecmin,Na2S8,,Glyme,-177.70636742974563,157.0,False,False,"[{'Element': 'S', 'Oxidation States': [-0.007, 0.035, -0.009, 0.006, 0.1, -0.577, 0.081, -0.562]}, {'Element': 'Na', 'Oxidation States': [0.823, 0.817]}]"
Na2S8-glyme-elecmin,Na2S8,,Glyme,-177.70639300977538,162.0,False,False,"[{'Element': 'S', 'Oxidation States': [-0.007, 0.035, -0.009, 0.006, 0.1, -0.577, 0.081, -0.562]}, {'Element': 'Na', 'Oxidation States': [0.823, 0.817]}]"
Na2S8-glyme-elecmin,Na2S8,,Glyme,-177.70635957053287,155.0,False,False,"[{'Element': 'S', 'Oxidation States': [-0.007, 0.035, -0.009, 0.006, 0.1, -0.577, 0.081, -0.562]}, {'Element': 'Na', 'Oxidation States': [0.823, 0.817]}]"
Na2S8-glyme-elecmin,Na2S8,,Glyme,-177.70614663578283,132.0,False,False,"[{'Element': 'S', 'Oxidation States': [-0.007, 0.035, -0.009, 0.006, 0.1, -0.577, 0.081, -0.562]}, {'Element': 'Na', 'Oxidation States': [0.823, 0.817]}]"
Na2S8-glyme-elecmin,Na2S8,,Glyme,-177.70612862224138,131.0,False,False,"[{'Element': 'S', 'Oxidation States': [-0.007, 0.035, -0.009, 0.006, 0.1, -0.577, 0.081, -0.562]}, {'Element': 'Na', 'Oxidation States': [0.823, 0.817]}]"
Na2S8-glyme-elecmin,Na2S8,,Glyme,-177.7063635803531,156.0,False,False,"[{'Element': 'S', 'Oxidation States': [-0.007, 0.035, -0.009, 0.006, 0.1, -0.577, 0.081, -0.562]}, {'Element': 'Na', 'Oxidation States': [0.823, 0.817]}]"
Na2S8-glyme-elecmin,Na2S8,,Glyme,-177.70611549933022,129.0,False,False,"[{'Element': 'S', 'Oxidation States': [-0.007, 0.035, -0.009, 0.006, 0.1, -0.577, 0.081, -0.562]}, {'Element': 'Na', 'Oxidation States': [0.823, 0.817]}]"
Na2S8-glyme-elecmin,Na2S8,,Glyme,-177.7060207321068,128.0,False,False,"[{'Element': 'S', 'Oxidation States': [-0.007, 0.035, -0.009, 0.006, 0.1, -0.577, 0.081, -0.562]}, {'Element': 'Na', 'Oxidation States': [0.823, 0.817]}]"
Na2S8-glyme-elecmin,Na2S8,,Glyme,-177.70596922356597,127.0,False,False,"[{'Element': 'S', 'Oxidation States': [-0.007, 0.035, -0.009, 0.006, 0.1, -0.577, 0.081, -0.562]}, {'Element': 'Na', 'Oxidation States': [0.823, 0.817]}]"
Na2S8-glyme-elecmin,Na2S8,,Glyme,-177.70593945947303,126.0,False,False,"[{'Element': 'S', 'Oxidation States': [-0.007, 0.035, -0.009, 0.006, 0.1, -0.577, 0.081, -0.562]}, {'Element': 'Na', 'Oxidation States': [0.823, 0.817]}]"
Na2S8-glyme-elecmin,Na2S8,,Glyme,-177.705915868305,125.0,False,False,"[{'Element': 'S', 'Oxidation States': [-0.007, 0.035, -0.009, 0.006, 0.1, -0.577, 0.081, -0.562]}, {'Element': 'Na', 'Oxidation States': [0.823, 0.817]}]"
Na2S8-glyme-elecmin,Na2S8,,Glyme,-177.70589361946514,124.0,False,False,"[{'Element': 'S', 'Oxidation States': [-0.007, 0.035, -0.009, 0.006, 0.1, -0.577, 0.081, -0.562]}, {'Element': 'Na', 'Oxidation States': [0.823, 0.817]}]"
Na2S8-glyme-elecmin,Na2S8,,Glyme,-177.7058770858638,123.0,False,False,"[{'Element': 'S', 'Oxidation States': [-0.007, 0.035, -0.009, 0.006, 0.1, -0.577, 0.081, -0.562]}, {'Element': 'Na', 'Oxidation States': [0.823, 0.817]}]"
Na2S8-glyme-elecmin,Na2S8,,Glyme,-177.70586994029264,122.0,False,False,"[{'Element': 'S', 'Oxidation States': [-0.007, 0.035, -0.009, 0.006, 0.1, -0.577, 0.081, -0.562]}, {'Element': 'Na', 'Oxidation States': [0.823, 0.817]}]"
Na2S8-glyme-elecmin,Na2S8,,Glyme,-177.70584494835379,121.0,False,False,"[{'Element': 'S', 'Oxidation States': [-0.007, 0.035, -0.009, 0.006, 0.1, -0.577, 0.081, -0.562]}, {'Element': 'Na', 'Oxidation States': [0.823, 0.817]}]"
Na2S8-glyme-elecmin,Na2S8,,Glyme,-177.70582565704473,120.0,False,False,"[{'Element': 'S', 'Oxidation States': [-0.007, 0.035, -0.009, 0.006, 0.1, -0.577, 0.081, -0.562]}, {'Element': 'Na', 'Oxidation States': [0.823, 0.817]}]"
Na2S8-glyme-elecmin,Na2S8,,Glyme,-177.7058016921053,119.0,False,False,"[{'Element': 'S', 'Oxidation States': [-0.007, 0.035, -0.009, 0.006, 0.1, -0.577, 0.081, -0.562]}, {'Element': 'Na', 'Oxidation States': [0.823, 0.817]}]"
Na2S8-glyme-elecmin,Na2S8,,Glyme,-177.7057776123557,118.0,False,False,"[{'Element': 'S', 'Oxidation States': [-0.007, 0.035, -0.009, 0.006, 0.1, -0.577, 0.081, -0.562]}, {'Element': 'Na', 'Oxidation States': [0.823, 0.817]}]"
Na2S8-glyme-elecmin,Na2S8,,Glyme,-177.70575619619171,117.0,False,False,"[{'Element': 'S', 'Oxidation States': [-0.007, 0.035, -0.009, 0.006, 0.1, -0.577, 0.081, -0.562]}, {'Element': 'Na', 'Oxidation States': [0.823, 0.817]}]"
Na2S8-glyme-elecmin,Na2S8,,Glyme,-177.70573574216087,116.0,False,False,"[{'Element': 'S', 'Oxidation States': [-0.007, 0.035, -0.009, 0.006, 0.1, -0.577, 0.081, -0.562]}, {'Element': 'Na', 'Oxidation States': [0.823, 0.817]}]"
Na2S8-glyme-elecmin,Na2S8,,Glyme,-177.70571447860016,115.0,False,False,"[{'Element': 'S', 'Oxidation States': [-0.007, 0.035, -0.009, 0.006, 0.1, -0.577, 0.081, -0.562]}, {'Element': 'Na', 'Oxidation States': [0.823, 0.817]}]"
Na2S8-glyme-elecmin,Na2S8,,Glyme,-177.70569636708848,114.0,False,False,"[{'Element': 'S', 'Oxidation States': [-0.007, 0.035, -0.009, 0.006, 0.1, -0.577, 0.081, -0.562]}, {'Element': 'Na', 'Oxidation States': [0.823, 0.817]}]"
Na2S8-glyme-elecmin,Na2S8,,Glyme,-177.70616540617203,133.0,False,False,"[{'Element': 'S', 'Oxidation States': [-0.007, 0.035, -0.009, 0.006, 0.1, -0.577, 0.081, -0.562]}, {'Element': 'Na', 'Oxidation States': [0.823, 0.817]}]"
Na2S8-glyme-elecmin,Na2S8,,Glyme,-177.70616968573574,134.0,False,False,"[{'Element': 'S', 'Oxidation States': [-0.007, 0.035, -0.009, 0.006, 0.1, -0.577, 0.081, -0.562]}, {'Element': 'Na', 'Oxidation States': [0.823, 0.817]}]"
Na2S8-glyme-elecmin,Na2S8,,Glyme,-177.7061154997685,130.0,False,False,"[{'Element': 'S', 'Oxidation States': [-0.007, 0.035, -0.009, 0.006, 0.1, -0.577, 0.081, -0.562]}, {'Element': 'Na', 'Oxidation States': [0.823, 0.817]}]"
Na2S8-glyme-elecmin,Na2S8,,Glyme,-177.70619360981186,136.0,False,False,"[{'Element': 'S', 'Oxidation States': [-0.007, 0.035, -0.009, 0.006, 0.1, -0.577, 0.081, -0.562]}, {'Element': 'Na', 'Oxidation States': [0.823, 0.817]}]"
Na2S8-glyme-elecmin,Na2S8,,Glyme,-177.70635475389582,154.0,False,False,"[{'Element': 'S', 'Oxidation States': [-0.007, 0.035, -0.009, 0.006, 0.1, -0.577, 0.081, -0.562]}, {'Element': 'Na', 'Oxidation States': [0.823, 0.817]}]"
Na2S8-glyme-elecmin,Na2S8,,Glyme,-177.7063505070211,153.0,False,False,"[{'Element': 'S', 'Oxidation States': [-0.007, 0.035, -0.009, 0.006, 0.1, -0.577, 0.081, -0.562]}, {'Element': 'Na', 'Oxidation States': [0.823, 0.817]}]"
Na2S8-glyme-elecmin,Na2S8,,Glyme,-177.70634466055867,152.0,False,False,"[{'Element': 'S', 'Oxidation States': [-0.007, 0.035, -0.009, 0.006, 0.1, -0.577, 0.081, -0.562]}, {'Element': 'Na', 'Oxidation States': [0.823, 0.817]}]"
Na2S8-glyme-elecmin,Na2S8,,Glyme,-177.70618279425352,135.0,False,False,"[{'Element': 'S', 'Oxidation States': [-0.007, 0.035, -0.009, 0.006, 0.1, -0.577, 0.081, -0.562]}, {'Element': 'Na', 'Oxidation States': [0.823, 0.817]}]"
Na2S8-glyme-elecmin,Na2S8,,Glyme,-177.70633140073363,150.0,False,False,"[{'Element': 'S', 'Oxidation States': [-0.007, 0.035, -0.009, 0.006, 0.1, -0.577, 0.081, -0.562]}, {'Element': 'Na', 'Oxidation States': [0.823, 0.817]}]"
Na2S8-glyme-elecmin,Na2S8,,Glyme,-177.70632527493208,149.0,False,False,"[{'Element': 'S', 'Oxidation States': [-0.007, 0.035, -0.009, 0.006, 0.1, -0.577, 0.081, -0.562]}, {'Element': 'Na', 'Oxidation States': [0.823, 0.817]}]"
Na2S8-glyme-elecmin,Na2S8,,Glyme,-177.70631594534763,148.0,False,False,"[{'Element': 'S', 'Oxidation States': [-0.007, 0.035, -0.009, 0.006, 0.1, -0.577, 0.081, -0.562]}, {'Element': 'Na', 'Oxidation States': [0.823, 0.817]}]"
Na2S8-glyme-elecmin,Na2S8,,Glyme,-177.70630980496978,147.0,False,False,"[{'Element': 'S', 'Oxidation States': [-0.007, 0.035, -0.009, 0.006, 0.1, -0.577, 0.081, -0.562]}, {'Element': 'Na', 'Oxidation States': [0.823, 0.817]}]"
Na2S8-glyme-elecmin,Na2S8,,Glyme,-177.70630338808684,146.0,False,False,"[{'Element': 'S', 'Oxidation States': [-0.007, 0.035, -0.009, 0.006, 0.1, -0.577, 0.081, -0.562]}, {'Element': 'Na', 'Oxidation States': [0.823, 0.817]}]"
Na2S8-glyme-elecmin,Na2S8,,Glyme,-177.7063382235223,151.0,False,False,"[{'Element': 'S', 'Oxidation States': [-0.007, 0.035, -0.009, 0.006, 0.1, -0.577, 0.081, -0.562]}, {'Element': 'Na', 'Oxidation States': [0.823, 0.817]}]"
Na2S8-glyme-elecmin,Na2S8,,Glyme,-177.70629014275826,144.0,False,False,"[{'Element': 'S', 'Oxidation States': [-0.007, 0.035, -0.009, 0.006, 0.1, -0.577, 0.081, -0.562]}, {'Element': 'Na', 'Oxidation States': [0.823, 0.817]}]"
Na2S8-glyme-elecmin,Na2S8,,Glyme,-177.7062833162164,143.0,False,False,"[{'Element': 'S', 'Oxidation States': [-0.007, 0.035, -0.009, 0.006, 0.1, -0.577, 0.081, -0.562]}, {'Element': 'Na', 'Oxidation States': [0.823, 0.817]}]"
Na2S8-glyme-elecmin,Na2S8,,Glyme,-177.70627538187406,142.0,False,False,"[{'Element': 'S', 'Oxidation States': [-0.007, 0.035, -0.009, 0.006, 0.1, -0.577, 0.081, -0.562]}, {'Element': 'Na', 'Oxidation States': [0.823, 0.817]}]"
Na2S8-glyme-elecmin,Na2S8,,Glyme,-177.70626600535832,141.0,False,False,"[{'Element': 'S', 'Oxidation States': [-0.007, 0.035, -0.009, 0.006, 0.1, -0.577, 0.081, -0.562]}, {'Element': 'Na', 'Oxidation States': [0.823, 0.817]}]"
Na2S8-glyme-elecmin,Na2S8,,Glyme,-177.70625400923828,140.0,False,False,"[{'Element': 'S', 'Oxidation States': [-0.007, 0.035, -0.009, 0.006, 0.1, -0.577, 0.081, -0.562]}, {'Element': 'Na', 'Oxidation States': [0.823, 0.817]}]"
Na2S8-glyme-elecmin,Na2S8,,Glyme,-177.70624150384225,139.0,False,False,"[{'Element': 'S', 'Oxidation States': [-0.007, 0.035, -0.009, 0.006, 0.1, -0.577, 0.081, -0.562]}, {'Element': 'Na', 'Oxidation States': [0.823, 0.817]}]"
Na2S8-glyme-elecmin,Na2S8,,Glyme,-177.7062278633606,138.0,False,False,"[{'Element': 'S', 'Oxidation States': [-0.007, 0.035, -0.009, 0.006, 0.1, -0.577, 0.081, -0.562]}, {'Element': 'Na', 'Oxidation States': [0.823, 0.817]}]"
Na2S8-glyme-elecmin,Na2S8,,Glyme,-177.7062086912875,137.0,False,False,"[{'Element': 'S', 'Oxidation States': [-0.007, 0.035, -0.009, 0.006, 0.1, -0.577, 0.081, -0.562]}, {'Element': 'Na', 'Oxidation States': [0.823, 0.817]}]"
Na2S8-glyme-elecmin,Na2S8,,Glyme,-177.70629646073013,145.0,False,False,"[{'Element': 'S', 'Oxidation States': [-0.007, 0.035, -0.009, 0.006, 0.1, -0.577, 0.081, -0.562]}, {'Element': 'Na', 'Oxidation States': [0.823, 0.817]}]"
Na2S8-glyme-vdw,Na2S8,,Glyme,-177.71157096110392,16.0,True,True,"[{'Element': 'S', 'Oxidation States': [-0.09, -0.041, 0.021, -0.096, 0.153, -0.532, 0.171, -0.564]}, {'Element': 'Na', 'Oxidation States': [0.817, 0.851]}]"
Na2S8-glyme-vdw,Na2S8,,Glyme,-177.7102643199271,7.0,True,True,"[{'Element': 'S', 'Oxidation States': [-0.09, -0.041, 0.021, -0.096, 0.153, -0.532, 0.171, -0.564]}, {'Element': 'Na', 'Oxidation States': [0.817, 0.851]}]"
Na2S8-glyme-vdw,Na2S8,,Glyme,-177.71044413070064,8.0,True,True,"[{'Element': 'S', 'Oxidation States': [-0.09, -0.041, 0.021, -0.096, 0.153, -0.532, 0.171, -0.564]}, {'Element': 'Na', 'Oxidation States': [0.817, 0.851]}]"
Na2S8-glyme-vdw,Na2S8,,Glyme,-177.71067218210635,9.0,True,True,"[{'Element': 'S', 'Oxidation States': [-0.09, -0.041, 0.021, -0.096, 0.153, -0.532, 0.171, -0.564]}, {'Element': 'Na', 'Oxidation States': [0.817, 0.851]}]"
Na2S8-glyme-vdw,Na2S8,,Glyme,-177.71135755024258,14.0,True,True,"[{'Element': 'S', 'Oxidation States': [-0.09, -0.041, 0.021, -0.096, 0.153, -0.532, 0.171, -0.564]}, {'Element': 'Na', 'Oxidation States': [0.817, 0.851]}]"
Na2S8-glyme-vdw,Na2S8,,Glyme,-177.71089329772323,11.0,True,True,"[{'Element': 'S', 'Oxidation States': [-0.09, -0.041, 0.021, -0.096, 0.153, -0.532, 0.171, -0.564]}, {'Element': 'Na', 'Oxidation States': [0.817, 0.851]}]"
Na2S8-glyme-vdw,Na2S8,,Glyme,-177.71108529349885,12.0,True,True,"[{'Element': 'S', 'Oxidation States': [-0.09, -0.041, 0.021, -0.096, 0.153, -0.532, 0.171, -0.564]}, {'Element': 'Na', 'Oxidation States': [0.817, 0.851]}]"
Na2S8-glyme-vdw,Na2S8,,Glyme,-177.71119227305877,13.0,True,True,"[{'Element': 'S', 'Oxidation States': [-0.09, -0.041, 0.021, -0.096, 0.153, -0.532, 0.171, -0.564]}, {'Element': 'Na', 'Oxidation States': [0.817, 0.851]}]"
Na2S8-glyme-vdw,Na2S8,,Glyme,-177.71007684913434,6.0,True,True,"[{'Element': 'S', 'Oxidation States': [-0.09, -0.041, 0.021, -0.096, 0.153, -0.532, 0.171, -0.564]}, {'Element': 'Na', 'Oxidation States': [0.817, 0.851]}]"
Na2S8-glyme-vdw,Na2S8,,Glyme,-177.7107318847416,10.0,True,True,"[{'Element': 'S', 'Oxidation States': [-0.09, -0.041, 0.021, -0.096, 0.153, -0.532, 0.171, -0.564]}, {'Element': 'Na', 'Oxidation States': [0.817, 0.851]}]"
Na2S8-glyme-vdw,Na2S8,,Glyme,-177.70962998850308,5.0,True,True,"[{'Element': 'S', 'Oxidation States': [-0.09, -0.041, 0.021, -0.096, 0.153, -0.532, 0.171, -0.564]}, {'Element': 'Na', 'Oxidation States': [0.817, 0.851]}]"
Na2S8-glyme-vdw,Na2S8,,Glyme,-177.71151963405174,15.0,True,True,"[{'Element': 'S', 'Oxidation States': [-0.09, -0.041, 0.021, -0.096, 0.153, -0.532, 0.171, -0.564]}, {'Element': 'Na', 'Oxidation States': [0.817, 0.851]}]"
Na2S8-glyme-vdw,Na2S8,,Glyme,-177.70839629101,3.0,True,True,"[{'Element': 'S', 'Oxidation States': [-0.09, -0.041, 0.021, -0.096, 0.153, -0.532, 0.171, -0.564]}, {'Element': 'Na', 'Oxidation States': [0.817, 0.851]}]"
Na2S8-glyme-vdw,Na2S8,,Glyme,-177.7080712956043,2.0,True,True,"[{'Element': 'S', 'Oxidation States': [-0.09, -0.041, 0.021, -0.096, 0.153, -0.532, 0.171, -0.564]}, {'Element': 'Na', 'Oxidation States': [0.817, 0.851]}]"
Na2S8-glyme-vdw,Na2S8,,Glyme,-177.70619166261108,1.0,True,True,"[{'Element': 'S', 'Oxidation States': [-0.09, -0.041, 0.021, -0.096, 0.153, -0.532, 0.171, -0.564]}, {'Element': 'Na', 'Oxidation States': [0.817, 0.851]}]"
Na2S8-glyme-vdw,Na2S8,,Glyme,-177.70447654425283,0.0,True,True,"[{'Element': 'S', 'Oxidation States': [-0.09, -0.041, 0.021, -0.096, 0.153, -0.532, 0.171, -0.564]}, {'Element': 'Na', 'Oxidation States': [0.817, 0.851]}]"
Na2S8-glyme-vdw,Na2S8,,Glyme,-177.70936360321508,4.0,True,True,"[{'Element': 'S', 'Oxidation States': [-0.09, -0.041, 0.021, -0.096, 0.153, -0.532, 0.171, -0.564]}, {'Element': 'Na', 'Oxidation States': [0.817, 0.851]}]"
Na2S8-glyme-vdw-elecmin,Na2S8,,Glyme,-177.69060673044675,1.0,False,True,"[{'Element': 'S', 'Oxidation States': [-0.154, -0.129, 0.008, -0.123, 0.136, -0.498, 0.195, -0.511]}, {'Element': 'Na', 'Oxidation States': [0.904, 0.89]}]"
Na2S8-glyme-vdw-elecmin,Na2S8,,Glyme,-177.6931595126121,2.0,False,True,"[{'Element': 'S', 'Oxidation States': [-0.154, -0.129, 0.008, -0.123, 0.136, -0.498, 0.195, -0.511]}, {'Element': 'Na', 'Oxidation States': [0.904, 0.89]}]"
Na2S8-glyme-vdw-elecmin,Na2S8,,Glyme,-177.68986962990653,0.0,False,True,"[{'Element': 'S', 'Oxidation States': [-0.154, -0.129, 0.008, -0.123, 0.136, -0.498, 0.195, -0.511]}, {'Element': 'Na', 'Oxidation States': [0.904, 0.89]}]"
Na2S8-glyme-vdw-elecmin,Na2S8,,Glyme,-177.69612641426073,4.0,False,True,"[{'Element': 'S', 'Oxidation States': [-0.154, -0.129, 0.008, -0.123, 0.136, -0.498, 0.195, -0.511]}, {'Element': 'Na', 'Oxidation States': [0.904, 0.89]}]"
Na2S8-glyme-vdw-elecmin,Na2S8,,Glyme,-177.69612642152913,5.0,False,True,"[{'Element': 'S', 'Oxidation States': [-0.154, -0.129, 0.008, -0.123, 0.136, -0.498, 0.195, -0.511]}, {'Element': 'Na', 'Oxidation States': [0.904, 0.89]}]"
Na2S8-glyme-vdw-elecmin,Na2S8,,Glyme,-177.69612651098765,6.0,False,True,"[{'Element': 'S', 'Oxidation States': [-0.154, -0.129, 0.008, -0.123, 0.136, -0.498, 0.195, -0.511]}, {'Element': 'Na', 'Oxidation States': [0.904, 0.89]}]"
Na2S8-glyme-vdw-elecmin,Na2S8,,Glyme,-177.69430685424646,3.0,False,True,"[{'Element': 'S', 'Oxidation States': [-0.154, -0.129, 0.008, -0.123, 0.136, -0.498, 0.195, -0.511]}, {'Element': 'Na', 'Oxidation States': [0.904, 0.89]}]"
Na2S8-vdw,Na2S8,,Vacuum,-177.68261209147468,109.0,True,True,"[{'Element': 'S', 'Oxidation States': [0.064, -0.003, 0.033, 0.058, 0.091, -0.548, 0.053, -0.521]}, {'Element': 'Na', 'Oxidation States': [0.778, 0.714]}]"
Na2S8-vdw,Na2S8,,Vacuum,-177.68255274661968,101.0,True,True,"[{'Element': 'S', 'Oxidation States': [0.064, -0.003, 0.033, 0.058, 0.091, -0.548, 0.053, -0.521]}, {'Element': 'Na', 'Oxidation States': [0.778, 0.714]}]"
Na2S8-vdw,Na2S8,,Vacuum,-177.68256153695938,102.0,True,True,"[{'Element': 'S', 'Oxidation States': [0.064, -0.003, 0.033, 0.058, 0.091, -0.548, 0.053, -0.521]}, {'Element': 'Na', 'Oxidation States': [0.778, 0.714]}]"
Na2S8-vdw,Na2S8,,Vacuum,-177.68257035999096,103.0,True,True,"[{'Element': 'S', 'Oxidation States': [0.064, -0.003, 0.033, 0.058, 0.091, -0.548, 0.053, -0.521]}, {'Element': 'Na', 'Oxidation States': [0.778, 0.714]}]"
Na2S8-vdw,Na2S8,,Vacuum,-177.68257838274846,104.0,True,True,"[{'Element': 'S', 'Oxidation States': [0.064, -0.003, 0.033, 0.058, 0.091, -0.548, 0.053, -0.521]}, {'Element': 'Na', 'Oxidation States': [0.778, 0.714]}]"
Na2S8-vdw,Na2S8,,Vacuum,-177.68258555142572,105.0,True,True,"[{'Element': 'S', 'Oxidation States': [0.064, -0.003, 0.033, 0.058, 0.091, -0.548, 0.053, -0.521]}, {'Element': 'Na', 'Oxidation States': [0.778, 0.714]}]"
Na2S8-vdw,Na2S8,,Vacuum,-177.68259193822013,106.0,True,True,"[{'Element': 'S', 'Oxidation States': [0.064, -0.003, 0.033, 0.058, 0.091, -0.548, 0.053, -0.521]}, {'Element': 'Na', 'Oxidation States': [0.778, 0.714]}]"
Na2S8-vdw,Na2S8,,Vacuum,-177.6825981032792,107.0,True,True,"[{'Element': 'S', 'Oxidation States': [0.064, -0.003, 0.033, 0.058, 0.091, -0.548, 0.053, -0.521]}, {'Element': 'Na', 'Oxidation States': [0.778, 0.714]}]"
Na2S8-vdw,Na2S8,,Vacuum,-177.68260481936184,108.0,True,True,"[{'Element': 'S', 'Oxidation States': [0.064, -0.003, 0.033, 0.058, 0.091, -0.548, 0.053, -0.521]}, {'Element': 'Na', 'Oxidation States': [0.778, 0.714]}]"
Na2S8-vdw,Na2S8,,Vacuum,-177.6826207564307,110.0,True,True,"[{'Element': 'S', 'Oxidation States': [0.064, -0.003, 0.033, 0.058, 0.091, -0.548, 0.053, -0.521]}, {'Element': 'Na', 'Oxidation States': [0.778, 0.714]}]"
Na2S8-vdw,Na2S8,,Vacuum,-177.6826667508844,116.0,True,True,"[{'Element': 'S', 'Oxidation States': [0.064, -0.003, 0.033, 0.058, 0.091, -0.548, 0.053, -0.521]}, {'Element': 'Na', 'Oxidation States': [0.778, 0.714]}]"
Na2S8-vdw,Na2S8,,Vacuum,-177.68263905055767,112.0,True,True,"[{'Element': 'S', 'Oxidation States': [0.064, -0.003, 0.033, 0.058, 0.091, -0.548, 0.053, -0.521]}, {'Element': 'Na', 'Oxidation States': [0.778, 0.714]}]"
Na2S8-vdw,Na2S8,,Vacuum,-177.68264723317083,113.0,True,True,"[{'Element': 'S', 'Oxidation States': [0.064, -0.003, 0.033, 0.058, 0.091, -0.548, 0.053, -0.521]}, {'Element': 'Na', 'Oxidation States': [0.778, 0.714]}]"
Na2S8-vdw,Na2S8,,Vacuum,-177.68265480623114,114.0,True,True,"[{'Element': 'S', 'Oxidation States': [0.064, -0.003, 0.033, 0.058, 0.091, -0.548, 0.053, -0.521]}, {'Element': 'Na', 'Oxidation States': [0.778, 0.714]}]"
Na2S8-vdw,Na2S8,,Vacuum,-177.6826612184544,115.0,True,True,"[{'Element': 'S', 'Oxidation States': [0.064, -0.003, 0.033, 0.058, 0.091, -0.548, 0.053, -0.521]}, {'Element': 'Na', 'Oxidation States': [0.778, 0.714]}]"
Na2S8-vdw,Na2S8,,Vacuum,-177.6825434950005,100.0,True,True,"[{'Element': 'S', 'Oxidation States': [0.064, -0.003, 0.033, 0.058, 0.091, -0.548, 0.053, -0.521]}, {'Element': 'Na', 'Oxidation States': [0.778, 0.714]}]"
Na2S8-vdw,Na2S8,,Vacuum,-177.68267174172433,117.0,True,True,"[{'Element': 'S', 'Oxidation States': [0.064, -0.003, 0.033, 0.058, 0.091, -0.548, 0.053, -0.521]}, {'Element': 'Na', 'Oxidation States': [0.778, 0.714]}]"
Na2S8-vdw,Na2S8,,Vacuum,-177.6826769532791,118.0,True,True,"[{'Element': 'S', 'Oxidation States': [0.064, -0.003, 0.033, 0.058, 0.091, -0.548, 0.053, -0.521]}, {'Element': 'Na', 'Oxidation States': [0.778, 0.714]}]"
Na2S8-vdw,Na2S8,,Vacuum,-177.68268245798305,119.0,True,True,"[{'Element': 'S', 'Oxidation States': [0.064, -0.003, 0.033, 0.058, 0.091, -0.548, 0.053, -0.521]}, {'Element': 'Na', 'Oxidation States': [0.778, 0.714]}]"
Na2S8-vdw,Na2S8,,Vacuum,-177.6826888909593,120.0,True,True,"[{'Element': 'S', 'Oxidation States': [0.064, -0.003, 0.033, 0.058, 0.091, -0.548, 0.053, -0.521]}, {'Element': 'Na', 'Oxidation States': [0.778, 0.714]}]"
Na2S8-vdw,Na2S8,,Vacuum,-177.68269637003726,121.0,True,True,"[{'Element': 'S', 'Oxidation States': [0.064, -0.003, 0.033, 0.058, 0.091, -0.548, 0.053, -0.521]}, {'Element': 'Na', 'Oxidation States': [0.778, 0.714]}]"
Na2S8-vdw,Na2S8,,Vacuum,-177.6826296537476,111.0,True,True,"[{'Element': 'S', 'Oxidation States': [0.064, -0.003, 0.033, 0.058, 0.091, -0.548, 0.053, -0.521]}, {'Element': 'Na', 'Oxidation States': [0.778, 0.714]}]"
Na2S8-vdw,Na2S8,,Vacuum,-177.682535169357,99.0,True,True,"[{'Element': 'S', 'Oxidation States': [0.064, -0.003, 0.033, 0.058, 0.091, -0.548, 0.053, -0.521]}, {'Element': 'Na', 'Oxidation States': [0.778, 0.714]}]"
Na2S8-vdw,Na2S8,,Vacuum,-177.68249452293517,93.0,True,True,"[{'Element': 'S', 'Oxidation States': [0.064, -0.003, 0.033, 0.058, 0.091, -0.548, 0.053, -0.521]}, {'Element': 'Na', 'Oxidation States': [0.778, 0.714]}]"
Na2S8-vdw,Na2S8,,Vacuum,-177.68252144864746,97.0,True,True,"[{'Element': 'S', 'Oxidation States': [0.064, -0.003, 0.033, 0.058, 0.091, -0.548, 0.053, -0.521]}, {'Element': 'Na', 'Oxidation States': [0.778, 0.714]}]"
Na2S8-vdw,Na2S8,,Vacuum,-177.68222139546066,75.0,True,True,"[{'Element': 'S', 'Oxidation States': [0.064, -0.003, 0.033, 0.058, 0.091, -0.548, 0.053, -0.521]}, {'Element': 'Na', 'Oxidation States': [0.778, 0.714]}]"
Na2S8-vdw,Na2S8,,Vacuum,-177.68224266532758,76.0,True,True,"[{'Element': 'S', 'Oxidation States': [0.064, -0.003, 0.033, 0.058, 0.091, -0.548, 0.053, -0.521]}, {'Element': 'Na', 'Oxidation States': [0.778, 0.714]}]"
Na2S8-vdw,Na2S8,,Vacuum,-177.68226360381553,77.0,True,True,"[{'Element': 'S', 'Oxidation States': [0.064, -0.003, 0.033, 0.058, 0.091, -0.548, 0.053, -0.521]}, {'Element': 'Na', 'Oxidation States': [0.778, 0.714]}]"
Na2S8-vdw,Na2S8,,Vacuum,-177.682283006986,78.0,True,True,"[{'Element': 'S', 'Oxidation States': [0.064, -0.003, 0.033, 0.058, 0.091, -0.548, 0.053, -0.521]}, {'Element': 'Na', 'Oxidation States': [0.778, 0.714]}]"
Na2S8-vdw,Na2S8,,Vacuum,-177.68230050388328,79.0,True,True,"[{'Element': 'S', 'Oxidation States': [0.064, -0.003, 0.033, 0.058, 0.091, -0.548, 0.053, -0.521]}, {'Element': 'Na', 'Oxidation States': [0.778, 0.714]}]"
Na2S8-vdw,Na2S8,,Vacuum,-177.68231625789164,80.0,True,True,"[{'Element': 'S', 'Oxidation States': [0.064, -0.003, 0.033, 0.058, 0.091, -0.548, 0.053, -0.521]}, {'Element': 'Na', 'Oxidation States': [0.778, 0.714]}]"
Na2S8-vdw,Na2S8,,Vacuum,-177.6823306593119,81.0,True,True,"[{'Element': 'S', 'Oxidation States': [0.064, -0.003, 0.033, 0.058, 0.091, -0.548, 0.053, -0.521]}, {'Element': 'Na', 'Oxidation States': [0.778, 0.714]}]"
Na2S8-vdw,Na2S8,,Vacuum,-177.68234387633737,82.0,True,True,"[{'Element': 'S', 'Oxidation States': [0.064, -0.003, 0.033, 0.058, 0.091, -0.548, 0.053, -0.521]}, {'Element': 'Na', 'Oxidation States': [0.778, 0.714]}]"
Na2S8-vdw,Na2S8,,Vacuum,-177.68235570748396,83.0,True,True,"[{'Element': 'S', 'Oxidation States': [0.064, -0.003, 0.033, 0.058, 0.091, -0.548, 0.053, -0.521]}, {'Element': 'Na', 'Oxidation States': [0.778, 0.714]}]"
Na2S8-vdw,Na2S8,,Vacuum,-177.68236675074618,84.0,True,True,"[{'Element': 'S', 'Oxidation States': [0.064, -0.003, 0.033, 0.058, 0.091, -0.548, 0.053, -0.521]}, {'Element': 'Na', 'Oxidation States': [0.778, 0.714]}]"
Na2S8-vdw,Na2S8,,Vacuum,-177.68252791651173,98.0,True,True,"[{'Element': 'S', 'Oxidation States': [0.064, -0.003, 0.033, 0.058, 0.091, -0.548, 0.053, -0.521]}, {'Element': 'Na', 'Oxidation States': [0.778, 0.714]}]"
Na2S8-vdw,Na2S8,,Vacuum,-177.6823775835189,85.0,True,True,"[{'Element': 'S', 'Oxidation States': [0.064, -0.003, 0.033, 0.058, 0.091, -0.548, 0.053, -0.521]}, {'Element': 'Na', 'Oxidation States': [0.778, 0.714]}]"
Na2S8-vdw,Na2S8,,Vacuum,-177.68240299744616,87.0,True,True,"[{'Element': 'S', 'Oxidation States': [0.064, -0.003, 0.033, 0.058, 0.091, -0.548, 0.053, -0.521]}, {'Element': 'Na', 'Oxidation States': [0.778, 0.714]}]"
Na2S8-vdw,Na2S8,,Vacuum,-177.68241945814594,88.0,True,True,"[{'Element': 'S', 'Oxidation States': [0.064, -0.003, 0.033, 0.058, 0.091, -0.548, 0.053, -0.521]}, {'Element': 'Na', 'Oxidation States': [0.778, 0.714]}]"
Na2S8-vdw,Na2S8,,Vacuum,-177.68243788796826,89.0,True,True,"[{'Element': 'S', 'Oxidation States': [0.064, -0.003, 0.033, 0.058, 0.091, -0.548, 0.053, -0.521]}, {'Element': 'Na', 'Oxidation States': [0.778, 0.714]}]"
Na2S8-vdw,Na2S8,,Vacuum,-177.68245618179162,90.0,True,True,"[{'Element': 'S', 'Oxidation States': [0.064, -0.003, 0.033, 0.058, 0.091, -0.548, 0.053, -0.521]}, {'Element': 'Na', 'Oxidation States': [0.778, 0.714]}]"
Na2S8-vdw,Na2S8,,Vacuum,-177.68247180396574,91.0,True,True,"[{'Element': 'S', 'Oxidation States': [0.064, -0.003, 0.033, 0.058, 0.091, -0.548, 0.053, -0.521]}, {'Element': 'Na', 'Oxidation States': [0.778, 0.714]}]"
Na2S8-vdw,Na2S8,,Vacuum,-177.68248448940363,92.0,True,True,"[{'Element': 'S', 'Oxidation States': [0.064, -0.003, 0.033, 0.058, 0.091, -0.548, 0.053, -0.521]}, {'Element': 'Na', 'Oxidation States': [0.778, 0.714]}]"
Na2S8-vdw,Na2S8,,Vacuum,-177.68270493209354,122.0,True,True,"[{'Element': 'S', 'Oxidation States': [0.064, -0.003, 0.033, 0.058, 0.091, -0.548, 0.053, -0.521]}, {'Element': 'Na', 'Oxidation States': [0.778, 0.714]}]"
Na2S8-vdw,Na2S8,,Vacuum,-177.68250256258804,94.0,True,True,"[{'Element': 'S', 'Oxidation States': [0.064, -0.003, 0.033, 0.058, 0.091, -0.548, 0.053, -0.521]}, {'Element': 'Na', 'Oxidation States': [0.778, 0.714]}]"
Na2S8-vdw,Na2S8,,Vacuum,-177.6825092685292,95.0,True,True,"[{'Element': 'S', 'Oxidation States': [0.064, -0.003, 0.033, 0.058, 0.091, -0.548, 0.053, -0.521]}, {'Element': 'Na', 'Oxidation States': [0.778, 0.714]}]"
Na2S8-vdw,Na2S8,,Vacuum,-177.68251536915304,96.0,True,True,"[{'Element': 'S', 'Oxidation States': [0.064, -0.003, 0.033, 0.058, 0.091, -0.548, 0.053, -0.521]}, {'Element': 'Na', 'Oxidation States': [0.778, 0.714]}]"
Na2S8-vdw,Na2S8,,Vacuum,-177.6823892258558,86.0,True,True,"[{'Element': 'S', 'Oxidation States': [0.064, -0.003, 0.033, 0.058, 0.091, -0.548, 0.053, -0.521]}, {'Element': 'Na', 'Oxidation States': [0.778, 0.714]}]"
Na2S8-vdw,Na2S8,,Vacuum,-177.6827139945308,123.0,True,True,"[{'Element': 'S', 'Oxidation States': [0.064, -0.003, 0.033, 0.058, 0.091, -0.548, 0.053, -0.521]}, {'Element': 'Na', 'Oxidation States': [0.778, 0.714]}]"
Na2S8-vdw,Na2S8,,Vacuum,-177.68274580018493,129.0,True,True,"[{'Element': 'S', 'Oxidation States': [0.064, -0.003, 0.033, 0.058, 0.091, -0.548, 0.053, -0.521]}, {'Element': 'Na', 'Oxidation States': [0.778, 0.714]}]"
Na2S8-vdw,Na2S8,,Vacuum,-177.68273016888588,125.0,True,True,"[{'Element': 'S', 'Oxidation States': [0.064, -0.003, 0.033, 0.058, 0.091, -0.548, 0.053, -0.521]}, {'Element': 'Na', 'Oxidation States': [0.778, 0.714]}]"
Na2S8-vdw,Na2S8,,Vacuum,-177.6828056474719,153.0,True,True,"[{'Element': 'S', 'Oxidation States': [0.064, -0.003, 0.033, 0.058, 0.091, -0.548, 0.053, -0.521]}, {'Element': 'Na', 'Oxidation States': [0.778, 0.714]}]"
Na2S8-vdw,Na2S8,,Vacuum,-177.68280756363114,154.0,True,True,"[{'Element': 'S', 'Oxidation States': [0.064, -0.003, 0.033, 0.058, 0.091, -0.548, 0.053, -0.521]}, {'Element': 'Na', 'Oxidation States': [0.778, 0.714]}]"
Na2S8-vdw,Na2S8,,Vacuum,-177.6828101207831,155.0,True,True,"[{'Element': 'S', 'Oxidation States': [0.064, -0.003, 0.033, 0.058, 0.091, -0.548, 0.053, -0.521]}, {'Element': 'Na', 'Oxidation States': [0.778, 0.714]}]"
Na2S8-vdw,Na2S8,,Vacuum,-177.68281344148735,156.0,True,True,"[{'Element': 'S', 'Oxidation States': [0.064, -0.003, 0.033, 0.058, 0.091, -0.548, 0.053, -0.521]}, {'Element': 'Na', 'Oxidation States': [0.778, 0.714]}]"
Na2S8-vdw,Na2S8,,Vacuum,-177.68281761051603,157.0,True,True,"[{'Element': 'S', 'Oxidation States': [0.064, -0.003, 0.033, 0.058, 0.091, -0.548, 0.053, -0.521]}, {'Element': 'Na', 'Oxidation States': [0.778, 0.714]}]"
Na2S8-vdw,Na2S8,,Vacuum,-177.6828219013293,158.0,True,True,"[{'Element': 'S', 'Oxidation States': [0.064, -0.003, 0.033, 0.058, 0.091, -0.548, 0.053, -0.521]}, {'Element': 'Na', 'Oxidation States': [0.778, 0.714]}]"
Na2S8-vdw,Na2S8,,Vacuum,-177.6828265060861,159.0,True,True,"[{'Element': 'S', 'Oxidation States': [0.064, -0.003, 0.033, 0.058, 0.091, -0.548, 0.053, -0.521]}, {'Element': 'Na', 'Oxidation States': [0.778, 0.714]}]"
Na2S8-vdw,Na2S8,,Vacuum,-177.68283065529886,160.0,True,True,"[{'Element': 'S', 'Oxidation States': [0.064, -0.003, 0.033, 0.058, 0.091, -0.548, 0.053, -0.521]}, {'Element': 'Na', 'Oxidation States': [0.778, 0.714]}]"
Na2S8-vdw,Na2S8,,Vacuum,-177.68283382009972,161.0,True,True,"[{'Element': 'S', 'Oxidation States': [0.064, -0.003, 0.033, 0.058, 0.091, -0.548, 0.053, -0.521]}, {'Element': 'Na', 'Oxidation States': [0.778, 0.714]}]"
Na2S8-vdw,Na2S8,,Vacuum,-177.68283623337948,162.0,True,True,"[{'Element': 'S', 'Oxidation States': [0.064, -0.003, 0.033, 0.058, 0.091, -0.548, 0.053, -0.521]}, {'Element': 'Na', 'Oxidation States': [0.778, 0.714]}]"
Na2S8-vdw,Na2S8,,Vacuum,-177.68280411848207,152.0,True,True,"[{'Element': 'S', 'Oxidation States': [0.064, -0.003, 0.033, 0.058, 0.091, -0.548, 0.053, -0.521]}, {'Element': 'Na', 'Oxidation States': [0.778, 0.714]}]"
Na2S8-vdw,Na2S8,,Vacuum,-177.68283816563093,163.0,True,True,"[{'Element': 'S', 'Oxidation States': [0.064, -0.003, 0.033, 0.058, 0.091, -0.548, 0.053, -0.521]}, {'Element': 'Na', 'Oxidation States': [0.778, 0.714]}]"
Na2S8-vdw,Na2S8,,Vacuum,-177.68284118554186,165.0,True,True,"[{'Element': 'S', 'Oxidation States': [0.064, -0.003, 0.033, 0.058, 0.091, -0.548, 0.053, -0.521]}, {'Element': 'Na', 'Oxidation States': [0.778, 0.714]}]"
Na2S8-vdw,Na2S8,,Vacuum,-177.68284276982587,166.0,True,True,"[{'Element': 'S', 'Oxidation States': [0.064, -0.003, 0.033, 0.058, 0.091, -0.548, 0.053, -0.521]}, {'Element': 'Na', 'Oxidation States': [0.778, 0.714]}]"
Na2S8-vdw,Na2S8,,Vacuum,-177.6828443586084,167.0,True,True,"[{'Element': 'S', 'Oxidation States': [0.064, -0.003, 0.033, 0.058, 0.091, -0.548, 0.053, -0.521]}, {'Element': 'Na', 'Oxidation States': [0.778, 0.714]}]"
Na2S8-vdw,Na2S8,,Vacuum,-177.68284602675766,168.0,True,True,"[{'Element': 'S', 'Oxidation States': [0.064, -0.003, 0.033, 0.058, 0.091, -0.548, 0.053, -0.521]}, {'Element': 'Na', 'Oxidation States': [0.778, 0.714]}]"
Na2S8-vdw,Na2S8,,Vacuum,-177.68284771163619,169.0,True,True,"[{'Element': 'S', 'Oxidation States': [0.064, -0.003, 0.033, 0.058, 0.091, -0.548, 0.053, -0.521]}, {'Element': 'Na', 'Oxidation States': [0.778, 0.714]}]"
Na2S8-vdw,Na2S8,,Vacuum,-177.6828493787721,170.0,True,True,"[{'Element': 'S', 'Oxidation States': [0.064, -0.003, 0.033, 0.058, 0.091, -0.548, 0.053, -0.521]}, {'Element': 'Na', 'Oxidation States': [0.778, 0.714]}]"
Na2S8-vdw,Na2S8,,Vacuum,-177.68285071398395,171.0,True,True,"[{'Element': 'S', 'Oxidation States': [0.064, -0.003, 0.033, 0.058, 0.091, -0.548, 0.053, -0.521]}, {'Element': 'Na', 'Oxidation States': [0.778, 0.714]}]"
Na2S8-vdw,Na2S8,,Vacuum,-177.682852084047,172.0,True,True,"[{'Element': 'S', 'Oxidation States': [0.064, -0.003, 0.033, 0.058, 0.091, -0.548, 0.053, -0.521]}, {'Element': 'Na', 'Oxidation States': [0.778, 0.714]}]"
Na2S8-vdw,Na2S8,,Vacuum,-177.68285316338824,173.0,True,True,"[{'Element': 'S', 'Oxidation States': [0.064, -0.003, 0.033, 0.058, 0.091, -0.548, 0.053, -0.521]}, {'Element': 'Na', 'Oxidation States': [0.778, 0.714]}]"
Na2S8-vdw,Na2S8,,Vacuum,-177.68285414720492,174.0,True,True,"[{'Element': 'S', 'Oxidation States': [0.064, -0.003, 0.033, 0.058, 0.091, -0.548, 0.053, -0.521]}, {'Element': 'Na', 'Oxidation States': [0.778, 0.714]}]"
Na2S8-vdw,Na2S8,,Vacuum,-177.68283960524698,164.0,True,True,"[{'Element': 'S', 'Oxidation States': [0.064, -0.003, 0.033, 0.058, 0.091, -0.548, 0.053, -0.521]}, {'Element': 'Na', 'Oxidation States': [0.778, 0.714]}]"
Na2S8-vdw,Na2S8,,Vacuum,-177.68280267866533,151.0,True,True,"[{'Element': 'S', 'Oxidation States': [0.064, -0.003, 0.033, 0.058, 0.091, -0.548, 0.053, -0.521]}, {'Element': 'Na', 'Oxidation States': [0.778, 0.714]}]"
Na2S8-vdw,Na2S8,,Vacuum,-177.68280122517552,150.0,True,True,"[{'Element': 'S', 'Oxidation States': [0.064, -0.003, 0.033, 0.058, 0.091, -0.548, 0.053, -0.521]}, {'Element': 'Na', 'Oxidation States': [0.778, 0.714]}]"
Na2S8-vdw,Na2S8,,Vacuum,-177.68279945968555,149.0,True,True,"[{'Element': 'S', 'Oxidation States': [0.064, -0.003, 0.033, 0.058, 0.091, -0.548, 0.053, -0.521]}, {'Element': 'Na', 'Oxidation States': [0.778, 0.714]}]"
Na2S8-vdw,Na2S8,,Vacuum,-177.6827357063808,126.0,True,True,"[{'Element': 'S', 'Oxidation States': [0.064, -0.003, 0.033, 0.058, 0.091, -0.548, 0.053, -0.521]}, {'Element': 'Na', 'Oxidation States': [0.778, 0.714]}]"
Na2S8-vdw,Na2S8,,Vacuum,-177.68273980395492,127.0,True,True,"[{'Element': 'S', 'Oxidation States': [0.064, -0.003, 0.033, 0.058, 0.091, -0.548, 0.053, -0.521]}, {'Element': 'Na', 'Oxidation States': [0.778, 0.714]}]"
Na2S8-vdw,Na2S8,,Vacuum,-177.68274303036873,128.0,True,True,"[{'Element': 'S', 'Oxidation States': [0.064, -0.003, 0.033, 0.058, 0.091, -0.548, 0.053, -0.521]}, {'Element': 'Na', 'Oxidation States': [0.778, 0.714]}]"
Na2S8-vdw,Na2S8,,Vacuum,-177.68220151503868,74.0,True,True,"[{'Element': 'S', 'Oxidation States': [0.064, -0.003, 0.033, 0.058, 0.091, -0.548, 0.053, -0.521]}, {'Element': 'Na', 'Oxidation States': [0.778, 0.714]}]"
Na2S8-vdw,Na2S8,,Vacuum,-177.68274855526948,130.0,True,True,"[{'Element': 'S', 'Oxidation States': [0.064, -0.003, 0.033, 0.058, 0.091, -0.548, 0.053, -0.521]}, {'Element': 'Na', 'Oxidation States': [0.778, 0.714]}]"
Na2S8-vdw,Na2S8,,Vacuum,-177.6827515962092,131.0,True,True,"[{'Element': 'S', 'Oxidation States': [0.064, -0.003, 0.033, 0.058, 0.091, -0.548, 0.053, -0.521]}, {'Element': 'Na', 'Oxidation States': [0.778, 0.714]}]"
Na2S8-vdw,Na2S8,,Vacuum,-177.6827550196156,132.0,True,True,"[{'Element': 'S', 'Oxidation States': [0.064, -0.003, 0.033, 0.058, 0.091, -0.548, 0.053, -0.521]}, {'Element': 'Na', 'Oxidation States': [0.778, 0.714]}]"
Na2S8-vdw,Na2S8,,Vacuum,-177.68275868257416,133.0,True,True,"[{'Element': 'S', 'Oxidation States': [0.064, -0.003, 0.033, 0.058, 0.091, -0.548, 0.053, -0.521]}, {'Element': 'Na', 'Oxidation States': [0.778, 0.714]}]"
Na2S8-vdw,Na2S8,,Vacuum,-177.68276221499326,134.0,True,True,"[{'Element': 'S', 'Oxidation States': [0.064, -0.003, 0.033, 0.058, 0.091, -0.548, 0.053, -0.521]}, {'Element': 'Na', 'Oxidation States': [0.778, 0.714]}]"
Na2S8-vdw,Na2S8,,Vacuum,-177.68276539043774,135.0,True,True,"[{'Element': 'S', 'Oxidation States': [0.064, -0.003, 0.033, 0.058, 0.091, -0.548, 0.053, -0.521]}, {'Element': 'Na', 'Oxidation States': [0.778, 0.714]}]"
Na2S8-vdw,Na2S8,,Vacuum,-177.68276813870594,136.0,True,True,"[{'Element': 'S', 'Oxidation States': [0.064, -0.003, 0.033, 0.058, 0.091, -0.548, 0.053, -0.521]}, {'Element': 'Na', 'Oxidation States': [0.778, 0.714]}]"
Na2S8-vdw,Na2S8,,Vacuum,-177.6827705951717,137.0,True,True,"[{'Element': 'S', 'Oxidation States': [0.064, -0.003, 0.033, 0.058, 0.091, -0.548, 0.053, -0.521]}, {'Element': 'Na', 'Oxidation States': [0.778, 0.714]}]"
Na2S8-vdw,Na2S8,,Vacuum,-177.68277260224394,138.0,True,True,"[{'Element': 'S', 'Oxidation States': [0.064, -0.003, 0.033, 0.058, 0.091, -0.548, 0.053, -0.521]}, {'Element': 'Na', 'Oxidation States': [0.778, 0.714]}]"
Na2S8-vdw,Na2S8,,Vacuum,-177.6827743941756,139.0,True,True,"[{'Element': 'S', 'Oxidation States': [0.064, -0.003, 0.033, 0.058, 0.091, -0.548, 0.053, -0.521]}, {'Element': 'Na', 'Oxidation States': [0.778, 0.714]}]"
Na2S8-vdw,Na2S8,,Vacuum,-177.6827759787747,140.0,True,True,"[{'Element': 'S', 'Oxidation States': [0.064, -0.003, 0.033, 0.058, 0.091, -0.548, 0.053, -0.521]}, {'Element': 'Na', 'Oxidation States': [0.778, 0.714]}]"
Na2S8-vdw,Na2S8,,Vacuum,-177.68277738209505,141.0,True,True,"[{'Element': 'S', 'Oxidation States': [0.064, -0.003, 0.033, 0.058, 0.091, -0.548, 0.053, -0.521]}, {'Element': 'Na', 'Oxidation States': [0.778, 0.714]}]"
Na2S8-vdw,Na2S8,,Vacuum,-177.68277886888373,142.0,True,True,"[{'Element': 'S', 'Oxidation States': [0.064, -0.003, 0.033, 0.058, 0.091, -0.548, 0.053, -0.521]}, {'Element': 'Na', 'Oxidation States': [0.778, 0.714]}]"
Na2S8-vdw,Na2S8,,Vacuum,-177.68278078876347,143.0,True,True,"[{'Element': 'S', 'Oxidation States': [0.064, -0.003, 0.033, 0.058, 0.091, -0.548, 0.053, -0.521]}, {'Element': 'Na', 'Oxidation States': [0.778, 0.714]}]"
Na2S8-vdw,Na2S8,,Vacuum,-177.68278328299556,144.0,True,True,"[{'Element': 'S', 'Oxidation States': [0.064, -0.003, 0.033, 0.058, 0.091, -0.548, 0.053, -0.521]}, {'Element': 'Na', 'Oxidation States': [0.778, 0.714]}]"
Na2S8-vdw,Na2S8,,Vacuum,-177.68278644815106,145.0,True,True,"[{'Element': 'S', 'Oxidation States': [0.064, -0.003, 0.033, 0.058, 0.091, -0.548, 0.053, -0.521]}, {'Element': 'Na', 'Oxidation States': [0.778, 0.714]}]"
Na2S8-vdw,Na2S8,,Vacuum,-177.6827902132028,146.0,True,True,"[{'Element': 'S', 'Oxidation States': [0.064, -0.003, 0.033, 0.058, 0.091, -0.548, 0.053, -0.521]}, {'Element': 'Na', 'Oxidation States': [0.778, 0.714]}]"
Na2S8-vdw,Na2S8,,Vacuum,-177.68279398689347,147.0,True,True,"[{'Element': 'S', 'Oxidation States': [0.064, -0.003, 0.033, 0.058, 0.091, -0.548, 0.053, -0.521]}, {'Element': 'Na', 'Oxidation States': [0.778, 0.714]}]"
Na2S8-vdw,Na2S8,,Vacuum,-177.6827971218265,148.0,True,True,"[{'Element': 'S', 'Oxidation States': [0.064, -0.003, 0.033, 0.058, 0.091, -0.548, 0.053, -0.521]}, {'Element': 'Na', 'Oxidation States': [0.778, 0.714]}]"
Na2S8-vdw,Na2S8,,Vacuum,-177.68272278659364,124.0,True,True,"[{'Element': 'S', 'Oxidation States': [0.064, -0.003, 0.033, 0.058, 0.091, -0.548, 0.053, -0.521]}, {'Element': 'Na', 'Oxidation States': [0.778, 0.714]}]"
Na2S8-vdw,Na2S8,,Vacuum,-177.68218357798636,73.0,True,True,"[{'Element': 'S', 'Oxidation States': [0.064, -0.003, 0.033, 0.058, 0.091, -0.548, 0.053, -0.521]}, {'Element': 'Na', 'Oxidation States': [0.778, 0.714]}]"
Na2S8-vdw,Na2S8,,Vacuum,-177.68209055597313,67.0,True,True,"[{'Element': 'S', 'Oxidation States': [0.064, -0.003, 0.033, 0.058, 0.091, -0.548, 0.053, -0.521]}, {'Element': 'Na', 'Oxidation States': [0.778, 0.714]}]"
Na2S8-vdw,Na2S8,,Vacuum,-177.682155162885,71.0,True,True,"[{'Element': 'S', 'Oxidation States': [0.064, -0.003, 0.033, 0.058, 0.091, -0.548, 0.053, -0.521]}, {'Element': 'Na', 'Oxidation States': [0.778, 0.714]}]"
Na2S8-vdw,Na2S8,,Vacuum,-177.6821682600641,72.0,True,True,"[{'Element': 'S', 'Oxidation States': [0.064, -0.003, 0.033, 0.058, 0.091, -0.548, 0.053, -0.521]}, {'Element': 'Na', 'Oxidation States': [0.778, 0.714]}]"
Na2S8-vdw,Na2S8,,Vacuum,-177.67911729589648,20.0,True,True,"[{'Element': 'S', 'Oxidation States': [0.064, -0.003, 0.033, 0.058, 0.091, -0.548, 0.053, -0.521]}, {'Element': 'Na', 'Oxidation States': [0.778, 0.714]}]"
Na2S8-vdw,Na2S8,,Vacuum,-177.6792779133194,21.0,True,True,"[{'Element': 'S', 'Oxidation States': [0.064, -0.003, 0.033, 0.058, 0.091, -0.548, 0.053, -0.521]}, {'Element': 'Na', 'Oxidation States': [0.778, 0.714]}]"
Na2S8-vdw,Na2S8,,Vacuum,-177.67940732075593,22.0,True,True,"[{'Element': 'S', 'Oxidation States': [0.064, -0.003, 0.033, 0.058, 0.091, -0.548, 0.053, -0.521]}, {'Element': 'Na', 'Oxidation States': [0.778, 0.714]}]"
Na2S8-vdw,Na2S8,,Vacuum,-177.67951763137307,23.0,True,True,"[{'Element': 'S', 'Oxidation States': [0.064, -0.003, 0.033, 0.058, 0.091, -0.548, 0.053, -0.521]}, {'Element': 'Na', 'Oxidation States': [0.778, 0.714]}]"
Na2S8-vdw,Na2S8,,Vacuum,-177.67961777857943,24.0,True,True,"[{'Element': 'S', 'Oxidation States': [0.064, -0.003, 0.033, 0.058, 0.091, -0.548, 0.053, -0.521]}, {'Element': 'Na', 'Oxidation States': [0.778, 0.714]}]"
Na2S8-vdw,Na2S8,,Vacuum,-177.67869164682725,18.0,True,True,"[{'Element': 'S', 'Oxidation States': [0.064, -0.003, 0.033, 0.058, 0.091, -0.548, 0.053, -0.521]}, {'Element': 'Na', 'Oxidation States': [0.778, 0.714]}]"
Na2S8-vdw,Na2S8,,Vacuum,-177.67971449581904,25.0,True,True,"[{'Element': 'S', 'Oxidation States': [0.064, -0.003, 0.033, 0.058, 0.091, -0.548, 0.053, -0.521]}, {'Element': 'Na', 'Oxidation States': [0.778, 0.714]}]"
Na2S8-vdw,Na2S8,,Vacuum,-177.67991159094262,27.0,True,True,"[{'Element': 'S', 'Oxidation States': [0.064, -0.003, 0.033, 0.058, 0.091, -0.548, 0.053, -0.521]}, {'Element': 'Na', 'Oxidation States': [0.778, 0.714]}]"
Na2S8-vdw,Na2S8,,Vacuum,-177.68001714098762,28.0,True,True,"[{'Element': 'S', 'Oxidation States': [0.064, -0.003, 0.033, 0.058, 0.091, -0.548, 0.053, -0.521]}, {'Element': 'Na', 'Oxidation States': [0.778, 0.714]}]"
Na2S8-vdw,Na2S8,,Vacuum,-177.68013046589897,29.0,True,True,"[{'Element': 'S', 'Oxidation States': [0.064, -0.003, 0.033, 0.058, 0.091, -0.548, 0.053, -0.521]}, {'Element': 'Na', 'Oxidation States': [0.778, 0.714]}]"
Na2S8-vdw,Na2S8,,Vacuum,-177.68025109517635,30.0,True,True,"[{'Element': 'S', 'Oxidation States': [0.064, -0.003, 0.033, 0.058, 0.091, -0.548, 0.053, -0.521]}, {'Element': 'Na', 'Oxidation States': [0.778, 0.714]}]"
Na2S8-vdw,Na2S8,,Vacuum,-177.68037156295625,31.0,True,True,"[{'Element': 'S', 'Oxidation States': [0.064, -0.003, 0.033, 0.058, 0.091, -0.548, 0.053, -0.521]}, {'Element': 'Na', 'Oxidation States': [0.778, 0.714]}]"
Na2S8-vdw,Na2S8,,Vacuum,-177.6804801517371,32.0,True,True,"[{'Element': 'S', 'Oxidation States': [0.064, -0.003, 0.033, 0.058, 0.091, -0.548, 0.053, -0.521]}, {'Element': 'Na', 'Oxidation States': [0.778, 0.714]}]"
Na2S8-vdw,Na2S8,,Vacuum,-177.67981141836339,26.0,True,True,"[{'Element': 'S', 'Oxidation States': [0.064, -0.003, 0.033, 0.058, 0.091, -0.548, 0.053, -0.521]}, {'Element': 'Na', 'Oxidation States': [0.778, 0.714]}]"
Na2S8-vdw,Na2S8,,Vacuum,-177.68285507054793,175.0,True,True,"[{'Element': 'S', 'Oxidation States': [0.064, -0.003, 0.033, 0.058, 0.091, -0.548, 0.053, -0.521]}, {'Element': 'Na', 'Oxidation States': [0.778, 0.714]}]"
Na2S8-vdw,Na2S8,,Vacuum,-177.67831124609475,16.0,True,True,"[{'Element': 'S', 'Oxidation States': [0.064, -0.003, 0.033, 0.058, 0.091, -0.548, 0.053, -0.521]}, {'Element': 'Na', 'Oxidation States': [0.778, 0.714]}]"
Na2S8-vdw,Na2S8,,Vacuum,-177.67818976635536,15.0,True,True,"[{'Element': 'S', 'Oxidation States': [0.064, -0.003, 0.033, 0.058, 0.091, -0.548, 0.053, -0.521]}, {'Element': 'Na', 'Oxidation States': [0.778, 0.714]}]"
Na2S8-vdw,Na2S8,,Vacuum,-177.67073344556536,0.0,True,True,"[{'Element': 'S', 'Oxidation States': [0.064, -0.003, 0.033, 0.058, 0.091, -0.548, 0.053, -0.521]}, {'Element': 'Na', 'Oxidation States': [0.778, 0.714]}]"
Na2S8-vdw,Na2S8,,Vacuum,-177.67371408211312,1.0,True,True,"[{'Element': 'S', 'Oxidation States': [0.064, -0.003, 0.033, 0.058, 0.091, -0.548, 0.053, -0.521]}, {'Element': 'Na', 'Oxidation States': [0.778, 0.714]}]"
Na2S8-vdw,Na2S8,,Vacuum,-177.67485636627447,2.0,True,True,"[{'Element': 'S', 'Oxidation States': [0.064, -0.003, 0.033, 0.058, 0.091, -0.548, 0.053, -0.521]}, {'Element': 'Na', 'Oxidation States': [0.778, 0.714]}]"
Na2S8-vdw,Na2S8,,Vacuum,-177.67545723907244,3.0,True,True,"[{'Element': 'S', 'Oxidation States': [0.064, -0.003, 0.033, 0.058, 0.091, -0.548, 0.053, -0.521]}, {'Element': 'Na', 'Oxidation States': [0.778, 0.714]}]"
Na2S8-vdw,Na2S8,,Vacuum,-177.67608038372146,4.0,True,True,"[{'Element': 'S', 'Oxidation States': [0.064, -0.003, 0.033, 0.058, 0.091, -0.548, 0.053, -0.521]}, {'Element': 'Na', 'Oxidation States': [0.778, 0.714]}]"
Na2S8-vdw,Na2S8,,Vacuum,-177.67623150301534,5.0,True,True,"[{'Element': 'S', 'Oxidation States': [0.064, -0.003, 0.033, 0.058, 0.091, -0.548, 0.053, -0.521]}, {'Element': 'Na', 'Oxidation States': [0.778, 0.714]}]"
Na2S8-vdw,Na2S8,,Vacuum,-177.67648132654875,6.0,True,True,"[{'Element': 'S', 'Oxidation States': [0.064, -0.003, 0.033, 0.058, 0.091, -0.548, 0.053, -0.521]}, {'Element': 'Na', 'Oxidation States': [0.778, 0.714]}]"
Na2S8-vdw,Na2S8,,Vacuum,-177.67671409581558,7.0,True,True,"[{'Element': 'S', 'Oxidation States': [0.064, -0.003, 0.033, 0.058, 0.091, -0.548, 0.053, -0.521]}, {'Element': 'Na', 'Oxidation States': [0.778, 0.714]}]"
Na2S8-vdw,Na2S8,,Vacuum,-177.67717189879323,8.0,True,True,"[{'Element': 'S', 'Oxidation States': [0.064, -0.003, 0.033, 0.058, 0.091, -0.548, 0.053, -0.521]}, {'Element': 'Na', 'Oxidation States': [0.778, 0.714]}]"
Na2S8-vdw,Na2S8,,Vacuum,-177.67723292769335,9.0,True,True,"[{'Element': 'S', 'Oxidation States': [0.064, -0.003, 0.033, 0.058, 0.091, -0.548, 0.053, -0.521]}, {'Element': 'Na', 'Oxidation States': [0.778, 0.714]}]"
Na2S8-vdw,Na2S8,,Vacuum,-177.6774586637447,10.0,True,True,"[{'Element': 'S', 'Oxidation States': [0.064, -0.003, 0.033, 0.058, 0.091, -0.548, 0.053, -0.521]}, {'Element': 'Na', 'Oxidation States': [0.778, 0.714]}]"
Na2S8-vdw,Na2S8,,Vacuum,-177.6776205767916,11.0,True,True,"[{'Element': 'S', 'Oxidation States': [0.064, -0.003, 0.033, 0.058, 0.091, -0.548, 0.053, -0.521]}, {'Element': 'Na', 'Oxidation States': [0.778, 0.714]}]"
Na2S8-vdw,Na2S8,,Vacuum,-177.6777990677018,12.0,True,True,"[{'Element': 'S', 'Oxidation States': [0.064, -0.003, 0.033, 0.058, 0.091, -0.548, 0.053, -0.521]}, {'Element': 'Na', 'Oxidation States': [0.778, 0.714]}]"
Na2S8-vdw,Na2S8,,Vacuum,-177.6779622206724,13.0,True,True,"[{'Element': 'S', 'Oxidation States': [0.064, -0.003, 0.033, 0.058, 0.091, -0.548, 0.053, -0.521]}, {'Element': 'Na', 'Oxidation States': [0.778, 0.714]}]"
Na2S8-vdw,Na2S8,,Vacuum,-177.67808143969404,14.0,True,True,"[{'Element': 'S', 'Oxidation States': [0.064, -0.003, 0.033, 0.058, 0.091, -0.548, 0.053, -0.521]}, {'Element': 'Na', 'Oxidation States': [0.778, 0.714]}]"
Na2S8-vdw,Na2S8,,Vacuum,-177.68057193205692,33.0,True,True,"[{'Element': 'S', 'Oxidation States': [0.064, -0.003, 0.033, 0.058, 0.091, -0.548, 0.053, -0.521]}, {'Element': 'Na', 'Oxidation States': [0.778, 0.714]}]"
Na2S8-vdw,Na2S8,,Vacuum,-177.68064691068943,34.0,True,True,"[{'Element': 'S', 'Oxidation States': [0.064, -0.003, 0.033, 0.058, 0.091, -0.548, 0.053, -0.521]}, {'Element': 'Na', 'Oxidation States': [0.778, 0.714]}]"
Na2S8-vdw,Na2S8,,Vacuum,-177.67891484940162,19.0,True,True,"[{'Element': 'S', 'Oxidation States': [0.064, -0.003, 0.033, 0.058, 0.091, -0.548, 0.053, -0.521]}, {'Element': 'Na', 'Oxidation States': [0.778, 0.714]}]"
Na2S8-vdw,Na2S8,,Vacuum,-177.68075509286464,36.0,True,True,"[{'Element': 'S', 'Oxidation States': [0.064, -0.003, 0.033, 0.058, 0.091, -0.548, 0.053, -0.521]}, {'Element': 'Na', 'Oxidation States': [0.778, 0.714]}]"
Na2S8-vdw,Na2S8,,Vacuum,-177.68173217958795,56.0,True,True,"[{'Element': 'S', 'Oxidation States': [0.064, -0.003, 0.033, 0.058, 0.091, -0.548, 0.053, -0.521]}, {'Element': 'Na', 'Oxidation States': [0.778, 0.714]}]"
Na2S8-vdw,Na2S8,,Vacuum,-177.68180224443466,57.0,True,True,"[{'Element': 'S', 'Oxidation States': [0.064, -0.003, 0.033, 0.058, 0.091, -0.548, 0.053, -0.521]}, {'Element': 'Na', 'Oxidation States': [0.778, 0.714]}]"
Na2S8-vdw,Na2S8,,Vacuum,-177.68185298047229,58.0,True,True,"[{'Element': 'S', 'Oxidation States': [0.064, -0.003, 0.033, 0.058, 0.091, -0.548, 0.053, -0.521]}, {'Element': 'Na', 'Oxidation States': [0.778, 0.714]}]"
Na2S8-vdw,Na2S8,,Vacuum,-177.68188890387478,59.0,True,True,"[{'Element': 'S', 'Oxidation States': [0.064, -0.003, 0.033, 0.058, 0.091, -0.548, 0.053, -0.521]}, {'Element': 'Na', 'Oxidation States': [0.778, 0.714]}]"
Na2S8-vdw,Na2S8,,Vacuum,-177.6819145584658,60.0,True,True,"[{'Element': 'S', 'Oxidation States': [0.064, -0.003, 0.033, 0.058, 0.091, -0.548, 0.053, -0.521]}, {'Element': 'Na', 'Oxidation States': [0.778, 0.714]}]"
Na2S8-vdw,Na2S8,,Vacuum,-177.68193470532924,61.0,True,True,"[{'Element': 'S', 'Oxidation States': [0.064, -0.003, 0.033, 0.058, 0.091, -0.548, 0.053, -0.521]}, {'Element': 'Na', 'Oxidation States': [0.778, 0.714]}]"
Na2S8-vdw,Na2S8,,Vacuum,-177.68164030544807,55.0,True,True,"[{'Element': 'S', 'Oxidation States': [0.064, -0.003, 0.033, 0.058, 0.091, -0.548, 0.053, -0.521]}, {'Element': 'Na', 'Oxidation States': [0.778, 0.714]}]"
Na2S8-vdw,Na2S8,,Vacuum,-177.68195338737695,62.0,True,True,"[{'Element': 'S', 'Oxidation States': [0.064, -0.003, 0.033, 0.058, 0.091, -0.548, 0.053, -0.521]}, {'Element': 'Na', 'Oxidation States': [0.778, 0.714]}]"
Na2S8-vdw,Na2S8,,Vacuum,-177.68199842563334,64.0,True,True,"[{'Element': 'S', 'Oxidation States': [0.064, -0.003, 0.033, 0.058, 0.091, -0.548, 0.053, -0.521]}, {'Element': 'Na', 'Oxidation States': [0.778, 0.714]}]"
Na2S8-vdw,Na2S8,,Vacuum,-177.6820289133244,65.0,True,True,"[{'Element': 'S', 'Oxidation States': [0.064, -0.003, 0.033, 0.058, 0.091, -0.548, 0.053, -0.521]}, {'Element': 'Na', 'Oxidation States': [0.778, 0.714]}]"
Na2S8-vdw,Na2S8,,Vacuum,-177.6820616053497,66.0,True,True,"[{'Element': 'S', 'Oxidation States': [0.064, -0.003, 0.033, 0.058, 0.091, -0.548, 0.053, -0.521]}, {'Element': 'Na', 'Oxidation States': [0.778, 0.714]}]"
Na2S8-vdw,Na2S8,,Vacuum,-177.6821130230062,68.0,True,True,"[{'Element': 'S', 'Oxidation States': [0.064, -0.003, 0.033, 0.058, 0.091, -0.548, 0.053, -0.521]}, {'Element': 'Na', 'Oxidation States': [0.778, 0.714]}]"
Na2S8-vdw,Na2S8,,Vacuum,-177.68070634627406,35.0,True,True,"[{'Element': 'S', 'Oxidation States': [0.064, -0.003, 0.033, 0.058, 0.091, -0.548, 0.053, -0.521]}, {'Element': 'Na', 'Oxidation States': [0.778, 0.714]}]"
Na2S8-vdw,Na2S8,,Vacuum,-177.68214302854378,70.0,True,True,"[{'Element': 'S', 'Oxidation States': [0.064, -0.003, 0.033, 0.058, 0.091, -0.548, 0.053, -0.521]}, {'Element': 'Na', 'Oxidation States': [0.778, 0.714]}]"
Na2S8-vdw,Na2S8,,Vacuum,-177.6819735832944,63.0,True,True,"[{'Element': 'S', 'Oxidation States': [0.064, -0.003, 0.033, 0.058, 0.091, -0.548, 0.053, -0.521]}, {'Element': 'Na', 'Oxidation States': [0.778, 0.714]}]"
Na2S8-vdw,Na2S8,,Vacuum,-177.68153182496783,54.0,True,True,"[{'Element': 'S', 'Oxidation States': [0.064, -0.003, 0.033, 0.058, 0.091, -0.548, 0.053, -0.521]}, {'Element': 'Na', 'Oxidation States': [0.778, 0.714]}]"
Na2S8-vdw,Na2S8,,Vacuum,-177.68212976467544,69.0,True,True,"[{'Element': 'S', 'Oxidation States': [0.064, -0.003, 0.033, 0.058, 0.091, -0.548, 0.053, -0.521]}, {'Element': 'Na', 'Oxidation States': [0.778, 0.714]}]"
Na2S8-vdw,Na2S8,,Vacuum,-177.68131878118794,52.0,True,True,"[{'Element': 'S', 'Oxidation States': [0.064, -0.003, 0.033, 0.058, 0.091, -0.548, 0.053, -0.521]}, {'Element': 'Na', 'Oxidation States': [0.778, 0.714]}]"
Na2S8-vdw,Na2S8,,Vacuum,-177.68141699131058,53.0,True,True,"[{'Element': 'S', 'Oxidation States': [0.064, -0.003, 0.033, 0.058, 0.091, -0.548, 0.053, -0.521]}, {'Element': 'Na', 'Oxidation States': [0.778, 0.714]}]"
Na2S8-vdw,Na2S8,,Vacuum,-177.68079789502175,37.0,True,True,"[{'Element': 'S', 'Oxidation States': [0.064, -0.003, 0.033, 0.058, 0.091, -0.548, 0.053, -0.521]}, {'Element': 'Na', 'Oxidation States': [0.778, 0.714]}]"
Na2S8-vdw,Na2S8,,Vacuum,-177.68083803128562,38.0,True,True,"[{'Element': 'S', 'Oxidation States': [0.064, -0.003, 0.033, 0.058, 0.091, -0.548, 0.053, -0.521]}, {'Element': 'Na', 'Oxidation States': [0.778, 0.714]}]"
Na2S8-vdw,Na2S8,,Vacuum,-177.68087678820336,39.0,True,True,"[{'Element': 'S', 'Oxidation States': [0.064, -0.003, 0.033, 0.058, 0.091, -0.548, 0.053, -0.521]}, {'Element': 'Na', 'Oxidation States': [0.778, 0.714]}]"
Na2S8-vdw,Na2S8,,Vacuum,-177.68091328644002,40.0,True,True,"[{'Element': 'S', 'Oxidation States': [0.064, -0.003, 0.033, 0.058, 0.091, -0.548, 0.053, -0.521]}, {'Element': 'Na', 'Oxidation States': [0.778, 0.714]}]"
Na2S8-vdw,Na2S8,,Vacuum,-177.68094681421098,41.0,True,True,"[{'Element': 'S', 'Oxidation States': [0.064, -0.003, 0.033, 0.058, 0.091, -0.548, 0.053, -0.521]}, {'Element': 'Na', 'Oxidation States': [0.778, 0.714]}]"
Na2S8-vdw,Na2S8,,Vacuum,-177.68097873177578,42.0,True,True,"[{'Element': 'S', 'Oxidation States': [0.064, -0.003, 0.033, 0.058, 0.091, -0.548, 0.053, -0.521]}, {'Element': 'Na', 'Oxidation States': [0.778, 0.714]}]"
Na2S8-vdw,Na2S8,,Vacuum,-177.68101086838413,43.0,True,True,"[{'Element': 'S', 'Oxidation States': [0.064, -0.003, 0.033, 0.058, 0.091, -0.548, 0.053, -0.521]}, {'Element': 'Na', 'Oxidation States': [0.778, 0.714]}]"
Na2S8-vdw,Na2S8,,Vacuum,-177.67847670972307,17.0,True,True,"[{'Element': 'S', 'Oxidation States': [0.064, -0.003, 0.033, 0.058, 0.091, -0.548, 0.053, -0.521]}, {'Element': 'Na', 'Oxidation States': [0.778, 0.714]}]"
Na2S8-vdw,Na2S8,,Vacuum,-177.68107499374128,45.0,True,True,"[{'Element': 'S', 'Oxidation States': [0.064, -0.003, 0.033, 0.058, 0.091, -0.548, 0.053, -0.521]}, {'Element': 'Na', 'Oxidation States': [0.778, 0.714]}]"
Na2S8-vdw,Na2S8,,Vacuum,-177.68110245533802,46.0,True,True,"[{'Element': 'S', 'Oxidation States': [0.064, -0.003, 0.033, 0.058, 0.091, -0.548, 0.053, -0.521]}, {'Element': 'Na', 'Oxidation States': [0.778, 0.714]}]"
Na2S8-vdw,Na2S8,,Vacuum,-177.68112684102985,47.0,True,True,"[{'Element': 'S', 'Oxidation States': [0.064, -0.003, 0.033, 0.058, 0.091, -0.548, 0.053, -0.521]}, {'Element': 'Na', 'Oxidation States': [0.778, 0.714]}]"
Na2S8-vdw,Na2S8,,Vacuum,-177.68114993272775,48.0,True,True,"[{'Element': 'S', 'Oxidation States': [0.064, -0.003, 0.033, 0.058, 0.091, -0.548, 0.053, -0.521]}, {'Element': 'Na', 'Oxidation States': [0.778, 0.714]}]"
Na2S8-vdw,Na2S8,,Vacuum,-177.68117436775916,49.0,True,True,"[{'Element': 'S', 'Oxidation States': [0.064, -0.003, 0.033, 0.058, 0.091, -0.548, 0.053, -0.521]}, {'Element': 'Na', 'Oxidation States': [0.778, 0.714]}]"
Na2S8-vdw,Na2S8,,Vacuum,-177.68120520183743,50.0,True,True,"[{'Element': 'S', 'Oxidation States': [0.064, -0.003, 0.033, 0.058, 0.091, -0.548, 0.053, -0.521]}, {'Element': 'Na', 'Oxidation States': [0.778, 0.714]}]"
Na2S8-vdw,Na2S8,,Vacuum,-177.68104381697773,44.0,True,True,"[{'Element': 'S', 'Oxidation States': [0.064, -0.003, 0.033, 0.058, 0.091, -0.548, 0.053, -0.521]}, {'Element': 'Na', 'Oxidation States': [0.778, 0.714]}]"
Na2S8-vdw,Na2S8,,Vacuum,-177.68124976220506,51.0,True,True,"[{'Element': 'S', 'Oxidation States': [0.064, -0.003, 0.033, 0.058, 0.091, -0.548, 0.053, -0.521]}, {'Element': 'Na', 'Oxidation States': [0.778, 0.714]}]"
Na2S8-vdw-elecmin,Na2S8,,Vacuum,-177.6696020838692,11.0,False,True,"[{'Element': 'S', 'Oxidation States': [-0.034, -0.01, -0.019, -0.101, 0.216, -0.457, 0.159, -0.527]}, {'Element': 'Na', 'Oxidation States': [0.751, 0.733]}]"
Na2S8-vdw-elecmin,Na2S8,,Vacuum,-177.66959488450112,10.0,False,True,"[{'Element': 'S', 'Oxidation States': [-0.034, -0.01, -0.019, -0.101, 0.216, -0.457, 0.159, -0.527]}, {'Element': 'Na', 'Oxidation States': [0.751, 0.733]}]"
Na2S8-vdw-elecmin,Na2S8,,Vacuum,-177.66957191939457,9.0,False,True,"[{'Element': 'S', 'Oxidation States': [-0.034, -0.01, -0.019, -0.101, 0.216, -0.457, 0.159, -0.527]}, {'Element': 'Na', 'Oxidation States': [0.751, 0.733]}]"
Na2S8-vdw-elecmin,Na2S8,,Vacuum,-177.66956297711582,8.0,False,True,"[{'Element': 'S', 'Oxidation States': [-0.034, -0.01, -0.019, -0.101, 0.216, -0.457, 0.159, -0.527]}, {'Element': 'Na', 'Oxidation States': [0.751, 0.733]}]"
Na2S8-vdw-elecmin,Na2S8,,Vacuum,-177.66954428153633,7.0,False,True,"[{'Element': 'S', 'Oxidation States': [-0.034, -0.01, -0.019, -0.101, 0.216, -0.457, 0.159, -0.527]}, {'Element': 'Na', 'Oxidation States': [0.751, 0.733]}]"
Na2S8-vdw-elecmin,Na2S8,,Vacuum,-177.66945786529712,4.0,False,True,"[{'Element': 'S', 'Oxidation States': [-0.034, -0.01, -0.019, -0.101, 0.216, -0.457, 0.159, -0.527]}, {'Element': 'Na', 'Oxidation States': [0.751, 0.733]}]"
Na2S8-vdw-elecmin,Na2S8,,Vacuum,-177.66948500912898,5.0,False,True,"[{'Element': 'S', 'Oxidation States': [-0.034, -0.01, -0.019, -0.101, 0.216, -0.457, 0.159, -0.527]}, {'Element': 'Na', 'Oxidation States': [0.751, 0.733]}]"
Na2S8-vdw-elecmin,Na2S8,,Vacuum,-177.66961909027305,12.0,False,True,"[{'Element': 'S', 'Oxidation States': [-0.034, -0.01, -0.019, -0.101, 0.216, -0.457, 0.159, -0.527]}, {'Element': 'Na', 'Oxidation States': [0.751, 0.733]}]"
Na2S8-vdw-elecmin,Na2S8,,Vacuum,-177.66941253626436,3.0,False,True,"[{'Element': 'S', 'Oxidation States': [-0.034, -0.01, -0.019, -0.101, 0.216, -0.457, 0.159, -0.527]}, {'Element': 'Na', 'Oxidation States': [0.751, 0.733]}]"
Na2S8-vdw-elecmin,Na2S8,,Vacuum,-177.66937862087602,2.0,False,True,"[{'Element': 'S', 'Oxidation States': [-0.034, -0.01, -0.019, -0.101, 0.216, -0.457, 0.159, -0.527]}, {'Element': 'Na', 'Oxidation States': [0.751, 0.733]}]"
Na2S8-vdw-elecmin,Na2S8,,Vacuum,-177.6692791738,1.0,False,True,"[{'Element': 'S', 'Oxidation States': [-0.034, -0.01, -0.019, -0.101, 0.216, -0.457, 0.159, -0.527]}, {'Element': 'Na', 'Oxidation States': [0.751, 0.733]}]"
Na2S8-vdw-elecmin,Na2S8,,Vacuum,-177.66916730999478,0.0,False,True,"[{'Element': 'S', 'Oxidation States': [-0.034, -0.01, -0.019, -0.101, 0.216, -0.457, 0.159, -0.527]}, {'Element': 'Na', 'Oxidation States': [0.751, 0.733]}]"
Na2S8-vdw-elecmin,Na2S8,,Vacuum,-177.66952395517998,6.0,False,True,"[{'Element': 'S', 'Oxidation States': [-0.034, -0.01, -0.019, -0.101, 0.216, -0.457, 0.159, -0.527]}, {'Element': 'Na', 'Oxidation States': [0.751, 0.733]}]"
Na2S8-vdw-elecmin,Na2S8,,Vacuum,-177.66963093357546,13.0,False,True,"[{'Element': 'S', 'Oxidation States': [-0.034, -0.01, -0.019, -0.101, 0.216, -0.457, 0.159, -0.527]}, {'Element': 'Na', 'Oxidation States': [0.751, 0.733]}]"
Na2S8-vdw-elecmin,Na2S8,,Vacuum,-177.66971194833678,17.0,False,True,"[{'Element': 'S', 'Oxidation States': [-0.034, -0.01, -0.019, -0.101, 0.216, -0.457, 0.159, -0.527]}, {'Element': 'Na', 'Oxidation States': [0.751, 0.733]}]"
Na2S8-vdw-elecmin,Na2S8,,Vacuum,-177.66967343904187,15.0,False,True,"[{'Element': 'S', 'Oxidation States': [-0.034, -0.01, -0.019, -0.101, 0.216, -0.457, 0.159, -0.527]}, {'Element': 'Na', 'Oxidation States': [0.751, 0.733]}]"
Na2S8-vdw-elecmin,Na2S8,,Vacuum,-177.66969029324738,16.0,False,True,"[{'Element': 'S', 'Oxidation States': [-0.034, -0.01, -0.019, -0.101, 0.216, -0.457, 0.159, -0.527]}, {'Element': 'Na', 'Oxidation States': [0.751, 0.733]}]"
Na2S8-vdw-elecmin,Na2S8,,Vacuum,-177.66976239250238,18.0,False,True,"[{'Element': 'S', 'Oxidation States': [-0.034, -0.01, -0.019, -0.101, 0.216, -0.457, 0.159, -0.527]}, {'Element': 'Na', 'Oxidation States': [0.751, 0.733]}]"
Na2S8-vdw-elecmin,Na2S8,,Vacuum,-177.6697743732372,19.0,False,True,"[{'Element': 'S', 'Oxidation States': [-0.034, -0.01, -0.019, -0.101, 0.216, -0.457, 0.159, -0.527]}, {'Element': 'Na', 'Oxidation States': [0.751, 0.733]}]"
Na2S8-vdw-elecmin,Na2S8,,Vacuum,-177.66977437717034,20.0,False,True,"[{'Element': 'S', 'Oxidation States': [-0.034, -0.01, -0.019, -0.101, 0.216, -0.457, 0.159, -0.527]}, {'Element': 'Na', 'Oxidation States': [0.751, 0.733]}]"
Na2S8-vdw-elecmin,Na2S8,,Vacuum,-177.66993682005037,21.0,False,True,"[{'Element': 'S', 'Oxidation States': [-0.034, -0.01, -0.019, -0.101, 0.216, -0.457, 0.159, -0.527]}, {'Element': 'Na', 'Oxidation States': [0.751, 0.733]}]"
Na2S8-vdw-elecmin,Na2S8,,Vacuum,-177.67009903418904,23.0,False,True,"[{'Element': 'S', 'Oxidation States': [-0.034, -0.01, -0.019, -0.101, 0.216, -0.457, 0.159, -0.527]}, {'Element': 'Na', 'Oxidation States': [0.751, 0.733]}]"
Na2S8-vdw-elecmin,Na2S8,,Vacuum,-177.67022781866217,24.0,False,True,"[{'Element': 'S', 'Oxidation States': [-0.034, -0.01, -0.019, -0.101, 0.216, -0.457, 0.159, -0.527]}, {'Element': 'Na', 'Oxidation States': [0.751, 0.733]}]"
Na2S8-vdw-elecmin,Na2S8,,Vacuum,-177.6702997924321,25.0,False,True,"[{'Element': 'S', 'Oxidation States': [-0.034, -0.01, -0.019, -0.101, 0.216, -0.457, 0.159, -0.527]}, {'Element': 'Na', 'Oxidation States': [0.751, 0.733]}]"
Na2S8-vdw-elecmin,Na2S8,,Vacuum,-177.67047788010225,26.0,False,True,"[{'Element': 'S', 'Oxidation States': [-0.034, -0.01, -0.019, -0.101, 0.216, -0.457, 0.159, -0.527]}, {'Element': 'Na', 'Oxidation States': [0.751, 0.733]}]"
Na2S8-vdw-elecmin,Na2S8,,Vacuum,-177.67054370568275,27.0,False,True,"[{'Element': 'S', 'Oxidation States': [-0.034, -0.01, -0.019, -0.101, 0.216, -0.457, 0.159, -0.527]}, {'Element': 'Na', 'Oxidation States': [0.751, 0.733]}]"
Na2S8-vdw-elecmin,Na2S8,,Vacuum,-177.67054371037779,28.0,False,True,"[{'Element': 'S', 'Oxidation States': [-0.034, -0.01, -0.019, -0.101, 0.216, -0.457, 0.159, -0.527]}, {'Element': 'Na', 'Oxidation States': [0.751, 0.733]}]"
Na2S8-vdw-elecmin,Na2S8,,Vacuum,-177.6705437295749,29.0,False,True,"[{'Element': 'S', 'Oxidation States': [-0.034, -0.01, -0.019, -0.101, 0.216, -0.457, 0.159, -0.527]}, {'Element': 'Na', 'Oxidation States': [0.751, 0.733]}]"
Na2S8-vdw-elecmin,Na2S8,,Vacuum,-177.66966001577828,14.0,False,True,"[{'Element': 'S', 'Oxidation States': [-0.034, -0.01, -0.019, -0.101, 0.216, -0.457, 0.159, -0.527]}, {'Element': 'Na', 'Oxidation States': [0.751, 0.733]}]"
Na2S8-vdw-elecmin,Na2S8,,Vacuum,-177.67003242120452,22.0,False,True,"[{'Element': 'S', 'Oxidation States': [-0.034, -0.01, -0.019, -0.101, 0.216, -0.457, 0.159, -0.527]}, {'Element': 'Na', 'Oxidation States': [0.751, 0.733]}]"
